UC Berkeley, ABC 1.01 (compiled Sep 11 2025 11:44:10)
================== Command history ==================
read ./lsv/pa1/benchmarks/square.blif
read lsv/pa1/benchmarks/alu.blif
lsv_printmocut 6 1
read ./lsv/pa1/benchmarks/example.blif
read lsv/pa1/benchmarks/example.blif
source -s abc.rc
echo "===== Running mem_ctrl.blif ====="
read ./lsv/pa1/benchmarks/int2float.blif
strash
lsv_printmocut 6 2
=====================================================
abc 01> echo "===== Running mem_ctrl.blif ====="
===== Running mem_ctrl.blif ===== 
abc 01> read ./lsv/pa1/benchmarks/int2float.blif
abc 02> strash
abc 03> lsv_printmocut 6 2
1 2 3 : 84 86
1 2 4 5 6 7 : 153 159 160
1 2 5 : 24 156
1 2 5 7 8 9 : 27 29
1 2 5 9 : 22 25
1 2 5 20 : 22 25
2 3 : 32 52 83
2 3 4 5 6 7 : 173 176
2 3 4 5 6 8 : 36 39
2 3 4 5 8 33 : 36 39
2 3 6 7 : 171 233
2 4 5 6 7 170 : 173 176
2 5 : 19 23
2 6 7 10 50 54 : 58 61
3 4 : 64 65 66 133
3 4 5 6 7 : 166 267 268 275
3 4 5 6 7 8 : 185 189 269
3 4 5 6 7 10 : 129 276
3 4 5 6 7 130 : 173 176
3 4 8 9 10 11 : 70 73
3 5 6 7 8 9 : 213 216
3 5 6 7 8 180 : 185 189
3 7 8 : 182 211
4 5 6 : 151 174
4 5 6 7 8 182 : 185 189
4 5 6 8 9 32 : 40 43
4 5 6 8 32 : 36 39
4 5 8 : 38 94
4 5 8 9 10 : 96 98
4 5 8 32 33 : 36 39
4 5 8 34 : 36 39
4 7 : 162 262
5 6 : 150 186
5 6 7 8 : 188 193 194 222
5 6 7 8 9 : 195 215
5 6 7 8 10 241 : 246 249
5 6 7 133 : 267 268
5 6 9 : 42 212 214
5 7 : 147 154 192
5 7 8 : 104 228
5 7 8 9 10 : 105 115 120
5 7 8 10 89 : 115 120
5 7 10 : 125 134
5 8 : 31 37 48 221
5 8 9 10 : 109 114 119
5 8 10 89 : 114 119
5 9 : 20 28 46
5 9 10 : 102 112 118
5 89 : 112 118
5 124 : 125 134
6 7 : 126 169 220 223
6 7 8 : 229 231 247
6 7 8 9 10 11 : 203 208
6 7 10 51 52 53 : 58 61
6 7 10 51 54 : 58 61
6 8 : 33 204 256
6 8 9 : 205 257 261
6 8 9 10 11 : 202 207
7 8 : 103 179 181 210
7 8 9 10 11 66 : 74 77
7 8 9 10 11 67 : 74 77
7 8 9 10 11 68 : 74 77
7 8 9 10 11 69 : 74 77
7 8 9 11 67 71 : 74 77
7 8 9 11 67 72 : 74 77
7 8 9 11 68 71 : 74 77
7 8 11 : 76 143
7 8 11 68 72 : 74 77
7 10 : 59 124
7 11 : 75 142
8 9 10 11 64 65 : 70 73
8 9 10 11 66 : 70 73
8 9 10 93 : 96 98
8 10 : 97 108 113
8 220 : 231 247
9 10 : 89 101 199
9 204 : 205 261
10 11 : 71 271
abc 03> 
abc 03> quit
