ABC command line: "
                read /home/alex/code/LSV-PA/lsv/pa1/benchmarks/adder.blif;
                strash;
                lsv_printmocut 4 2;
                quit;
            ".

1 2 129 130 : 313 314
2 130 : 310 312
2 130 311 : 313 314
3 131 : 309 315
3 131 310 313 : 316 317
3 131 314 : 316 317
4 132 : 308 318
4 132 309 316 : 319 320
4 132 317 : 319 320
5 133 : 307 321
5 133 308 319 : 322 323
5 133 320 : 322 323
6 134 : 306 324
6 134 307 322 : 325 326
6 134 323 : 325 326
7 135 : 305 327
7 135 306 325 : 328 329
7 135 326 : 328 329
8 136 : 304 330
8 136 305 328 : 331 332
8 136 329 : 331 332
9 137 : 303 333
9 137 304 331 : 334 335
9 137 332 : 334 335
10 138 : 302 336
10 138 303 334 : 337 338
10 138 335 : 337 338
11 139 : 301 339
11 139 302 337 : 340 341
11 139 338 : 340 341
12 140 : 300 342
12 140 301 340 : 343 344
12 140 341 : 343 344
13 141 : 299 345
13 141 300 343 : 346 347
13 141 344 : 346 347
14 142 : 298 348
14 142 299 346 : 349 350
14 142 347 : 349 350
15 143 : 297 351
15 143 298 349 : 352 353
15 143 350 : 352 353
16 144 : 296 354
16 144 297 352 : 355 356
16 144 353 : 355 356
17 145 : 295 357
17 145 296 355 : 358 359
17 145 356 : 358 359
18 146 : 294 360
18 146 295 358 : 361 362
18 146 359 : 361 362
19 147 : 293 363
19 147 294 361 : 364 365
19 147 362 : 364 365
20 148 : 292 366
20 148 293 364 : 367 368
20 148 365 : 367 368
21 149 : 291 369
21 149 292 367 : 370 371
21 149 368 : 370 371
22 150 : 290 372
22 150 291 370 : 373 374
22 150 371 : 373 374
23 151 : 289 375
23 151 290 373 : 376 377
23 151 374 : 376 377
24 152 : 288 378
24 152 289 376 : 379 380
24 152 377 : 379 380
25 153 : 287 381
25 153 288 379 : 382 383
25 153 380 : 382 383
26 154 : 286 384
26 154 287 382 : 385 386
26 154 383 : 385 386
27 155 : 285 387
27 155 286 385 : 388 389
27 155 386 : 388 389
28 156 : 284 390
28 156 285 388 : 391 392
28 156 389 : 391 392
29 157 : 283 393
29 157 284 391 : 394 395
29 157 392 : 394 395
30 158 : 282 396
30 158 283 394 : 397 398
30 158 395 : 397 398
31 159 : 281 399
31 159 282 397 : 400 401
31 159 398 : 400 401
32 160 : 280 402
32 160 281 400 : 403 404
32 160 401 : 403 404
33 161 : 279 405
33 161 280 403 : 406 407
33 161 404 : 406 407
34 162 : 278 408
34 162 279 406 : 409 410
34 162 407 : 409 410
35 163 : 277 411
35 163 278 409 : 412 413
35 163 410 : 412 413
36 164 : 276 414
36 164 277 412 : 415 416
36 164 413 : 415 416
37 165 : 275 417
37 165 276 415 : 418 419
37 165 416 : 418 419
38 166 : 274 420
38 166 275 418 : 421 422
38 166 419 : 421 422
39 167 : 273 423
39 167 274 421 : 424 425
39 167 422 : 424 425
40 168 : 272 426
40 168 273 424 : 427 428
40 168 425 : 427 428
41 169 : 271 429
41 169 272 427 : 430 431
41 169 428 : 430 431
42 170 : 270 432
42 170 271 430 : 433 434
42 170 431 : 433 434
43 171 : 269 435
43 171 270 433 : 436 437
43 171 434 : 436 437
44 172 : 268 438
44 172 269 436 : 439 440
44 172 437 : 439 440
45 173 : 267 441
45 173 268 439 : 442 443
45 173 440 : 442 443
46 174 : 266 444
46 174 267 442 : 445 446
46 174 443 : 445 446
47 175 : 265 447
47 175 266 445 : 448 449
47 175 446 : 448 449
48 176 : 264 450
48 176 265 448 : 451 452
48 176 449 : 451 452
49 177 : 263 453
49 177 264 451 : 454 455
49 177 452 : 454 455
50 178 : 262 456
50 178 263 454 : 457 458
50 178 455 : 457 458
51 179 : 261 459
51 179 262 457 : 460 461
51 179 458 : 460 461
52 180 : 260 462
52 180 261 460 : 463 464
52 180 461 : 463 464
53 181 : 259 465
53 181 260 463 : 466 467
53 181 464 : 466 467
54 182 : 258 468
54 182 259 466 : 469 470
54 182 467 : 469 470
54 182 467 473 : 474 475 476
54 182 469 473 : 474 475 476
55 183 : 471 472 473
55 183 258 469 : 474 475 476
55 183 470 : 474 475 476
258 467 468 473 : 474 475 476
258 469 471 472 : 474 475 476
258 469 473 : 474 475 476
470 471 472 : 474 475 476
470 473 : 474 475 476
