ABC command line: "
                read /home/alex/code/LSV-PA/lsv/pa1/benchmarks/alu.blif;
                strash;
                lsv_printmocut 4 3;
                quit;
            ".

Hierarchy reader flattened 2 instances of logic boxes and left 0 black boxes.
1 3 5 : 26 27 28
1 3 5 18 : 20 22 23 24 25 29 30 31
1 5 11 18 : 23 24 25
1 5 19 21 : 23 24 25
1 9 10 : 26 27 28
1 9 10 18 : 20 22 29 30 31
1 11 : 26 27 28
1 11 16 17 : 20 22 29 30 31
1 11 18 : 20 22 29 30 31
2 4 5 : 16 18 32 33 34 35 36 37
2 4 5 28 : 29 30 31
2 5 12 13 : 16 18 35 36 37
2 5 14 : 16 18 35 36 37
2 5 14 28 : 29 30 31
2 12 13 : 32 33 34
2 14 : 32 33 34
2 15 17 28 : 29 30 31
3 5 : 9 10 11
3 5 18 20 : 22 23 24 25
4 5 : 12 13 14 15 17
4 5 16 28 : 29 30 31
5 11 18 20 : 23 24 25
5 14 16 28 : 29 30 31
5 20 21 : 23 24 25
5 22 : 23 24 25
5 32 33 : 35 36 37
5 34 : 35 36 37
16 17 26 27 : 29 30 31
16 17 28 : 29 30 31
18 26 27 : 29 30 31
18 28 : 29 30 31
