ABC command line: "
                read /home/alex/code/LSV-PA/lsv/pa1/benchmarks/int2float.blif;
                strash;
                lsv_printmocut 3 2;
                quit;
            ".

1 2 3 : 84 86
1 2 5 : 24 156
2 3 : 32 52 83
2 5 : 19 23
3 4 : 64 65 66 133
3 7 8 : 182 211
4 5 6 : 151 174
4 5 8 : 38 94
4 7 : 162 262
5 6 : 150 186
5 6 9 : 42 212 214
5 7 : 147 154 192
5 7 8 : 104 228
5 7 10 : 125 134
5 8 : 31 37 48 221
5 9 : 20 28 46
5 9 10 : 102 112 118
5 89 : 112 118
5 124 : 125 134
6 7 : 126 169 220 223
6 7 8 : 229 231 247
6 8 : 33 204 256
6 8 9 : 205 257 261
7 8 : 103 179 181 210
7 8 11 : 76 143
7 10 : 59 124
7 11 : 75 142
8 10 : 97 108 113
8 220 : 231 247
9 10 : 89 101 199
9 204 : 205 261
10 11 : 71 271
