ABC command line: "
                read /home/alex/code/LSV-PA/lsv/pa1/benchmarks/int2float.blif;
                strash;
                lsv_printmocut 4 3;
                quit;
            ".

2 3 : 32 52 83
3 4 : 64 65 66 133
5 6 7 8 : 188 193 194 222
5 6 9 : 42 212 214
5 7 : 147 154 192
5 8 : 31 37 48 221
5 8 9 10 : 109 114 119
5 9 : 20 28 46
5 9 10 : 102 112 118
6 7 : 126 169 220 223
6 7 8 : 229 231 247
6 8 : 33 204 256
6 8 9 : 205 257 261
7 8 : 103 179 181 210
8 10 : 97 108 113
9 10 : 89 101 199
