ABC command line: "
                read /home/alex/code/LSV-PA/lsv/pa1/benchmarks/router.blif;
                strash;
                lsv_printmocut 4 2;
                quit;
            ".

1 31 60 234 : 238 345
1 31 235 : 238 345
1 59 60 233 : 236 344
1 60 234 : 236 344
1 235 : 236 344
10 11 : 91 92 93
10 11 12 : 94 95 96
10 11 12 13 : 97 98 99
10 11 12 173 : 174 175
10 29 30 146 : 156 157
12 13 14 91 : 100 101 102
12 13 91 : 97 98 99
12 13 91 172 : 173 174
12 91 : 94 95 96
13 14 15 94 : 103 104 105
13 14 94 : 100 101 102
13 14 94 171 : 172 173
13 94 : 97 98 99
14 15 16 97 : 106 107 108 109
14 15 97 : 103 104 105
14 15 97 170 : 171 172
14 97 : 100 101 102
15 16 17 100 : 110 111 112
15 16 100 : 106 107 108 109
15 16 100 169 : 170 171
15 100 : 103 104 105
16 17 18 103 : 113 114 115
16 17 103 : 110 111 112
16 17 103 168 : 169 170
16 103 : 106 107 108 109
17 18 19 109 : 116 117 118
17 18 109 : 113 114 115
17 18 109 167 : 168 169
17 109 : 110 111 112
18 19 20 110 : 119 120 121
18 19 110 : 116 117 118
18 19 110 166 : 167 168
18 110 : 113 114 115
19 20 21 113 : 122 123 124 125
19 20 113 : 119 120 121
19 20 113 165 : 166 167
19 113 : 116 117 118
20 21 22 116 : 126 127 128
20 21 116 : 122 123 124 125
20 21 116 164 : 165 166
20 116 : 119 120 121
21 22 23 119 : 129 130 131
21 22 119 : 126 127 128
21 22 119 163 : 164 165
21 119 : 122 123 124 125
22 23 24 125 : 132 133 134
22 23 125 : 129 130 131
22 23 125 162 : 163 164
22 125 : 126 127 128
23 24 25 126 : 135 136 137 138
23 24 126 : 132 133 134
23 24 126 161 : 162 163
23 126 : 129 130 131
24 25 26 129 : 139 140 141 142
24 25 129 : 135 136 137 138
24 25 129 160 : 161 162
24 129 : 132 133 134
25 26 27 132 : 143 144 145
25 26 132 : 139 140 141 142
25 26 132 159 : 160 161
25 132 : 135 136 137 138
26 27 28 138 : 146 147 148
26 27 138 : 143 144 145
26 27 138 158 : 159 160
26 138 : 139 140 141 142
27 28 29 142 : 149 150 151 152
27 28 142 : 146 147 148
27 28 142 157 : 158 159
27 142 : 143 144 145
28 29 30 143 : 153 154 155 185
28 29 143 : 149 150 151 152
28 29 143 156 : 157 158
28 143 : 146 147 148
29 30 146 : 153 154 155 185
29 146 : 149 150 151 152
30 152 : 153 154 155 185
40 41 : 216 239 240
40 41 42 : 217 241 242
40 41 42 43 : 218 243 244
40 41 42 300 : 301 302
42 43 44 216 : 219 245 246
42 43 216 : 218 243 244
42 43 216 299 : 300 301
42 216 : 217 241 242
43 44 45 217 : 220 247 248
43 44 217 : 219 245 246
43 44 217 298 : 299 300
43 217 : 218 243 244
44 45 46 218 : 221 249 250 251
44 45 218 : 220 247 248
44 45 218 297 : 298 299
44 218 : 219 245 246
45 46 47 219 : 222 252 253
45 46 219 : 221 249 250 251
45 46 219 296 : 297 298
45 219 : 220 247 248
46 47 48 220 : 223 254 255
46 47 220 : 222 252 253
46 47 220 295 : 296 297
46 220 : 221 249 250 251
47 48 49 221 : 224 256 257
47 48 221 : 223 254 255
47 48 221 294 : 295 296
47 221 : 222 252 253
48 49 50 222 : 225 258 259
48 49 222 : 224 256 257
48 49 222 293 : 294 295
48 222 : 223 254 255
49 50 51 223 : 226 260 261 262
49 50 223 : 225 258 259
49 50 223 292 : 293 294
49 223 : 224 256 257
50 51 52 224 : 227 263 264
50 51 224 : 226 260 261 262
50 51 224 291 : 292 293
50 224 : 225 258 259
51 52 53 225 : 228 265 266
51 52 225 : 227 263 264
51 52 225 290 : 291 292
51 225 : 226 260 261 262
52 53 54 226 : 229 267 268
52 53 226 : 228 265 266
52 53 226 289 : 290 291
52 226 : 227 263 264
53 54 55 227 : 230 269 270 271
53 54 227 : 229 267 268
53 54 227 288 : 289 290
53 227 : 228 265 266
54 55 56 228 : 231 272 273 274
54 55 228 : 230 269 270 271
54 55 228 287 : 288 289
54 228 : 229 267 268
55 56 57 229 : 232 275 276
55 56 229 : 231 272 273 274
55 56 229 286 : 287 288
55 229 : 230 269 270 271
56 57 58 230 : 233 277 278
56 57 230 : 232 275 276
56 57 230 285 : 286 287
56 230 : 231 272 273 274
57 58 59 231 : 234 279 280 281
57 58 231 : 233 277 278
57 58 231 284 : 285 286
57 231 : 232 275 276
58 59 232 : 234 279 280 281
58 59 232 283 : 284 285
58 232 : 233 277 278
59 233 : 234 279 280 281
