ABC command line: "
                read /home/alex/code/LSV-PA/lsv/pa1/benchmarks/router.blif;
                strash;
                lsv_printmocut 3 2;
                quit;
            ".

1 31 235 : 238 345
1 60 234 : 236 344
1 235 : 236 344
10 11 : 91 92 93
10 11 12 : 94 95 96
12 13 91 : 97 98 99
12 91 : 94 95 96
13 14 94 : 100 101 102
13 94 : 97 98 99
14 15 97 : 103 104 105
14 97 : 100 101 102
15 16 100 : 106 107 108 109
15 100 : 103 104 105
16 17 103 : 110 111 112
16 103 : 106 107 108 109
17 18 109 : 113 114 115
17 109 : 110 111 112
18 19 110 : 116 117 118
18 110 : 113 114 115
19 20 113 : 119 120 121
19 113 : 116 117 118
20 21 116 : 122 123 124 125
20 116 : 119 120 121
21 22 119 : 126 127 128
21 119 : 122 123 124 125
22 23 125 : 129 130 131
22 125 : 126 127 128
23 24 126 : 132 133 134
23 126 : 129 130 131
24 25 129 : 135 136 137 138
24 129 : 132 133 134
25 26 132 : 139 140 141 142
25 132 : 135 136 137 138
26 27 138 : 143 144 145
26 138 : 139 140 141 142
27 28 142 : 146 147 148
27 142 : 143 144 145
28 29 143 : 149 150 151 152
28 143 : 146 147 148
29 30 146 : 153 154 155 185
29 146 : 149 150 151 152
30 152 : 153 154 155 185
40 41 : 216 239 240
40 41 42 : 217 241 242
42 43 216 : 218 243 244
42 216 : 217 241 242
43 44 217 : 219 245 246
43 217 : 218 243 244
44 45 218 : 220 247 248
44 218 : 219 245 246
45 46 219 : 221 249 250 251
45 219 : 220 247 248
46 47 220 : 222 252 253
46 220 : 221 249 250 251
47 48 221 : 223 254 255
47 221 : 222 252 253
48 49 222 : 224 256 257
48 222 : 223 254 255
49 50 223 : 225 258 259
49 223 : 224 256 257
50 51 224 : 226 260 261 262
50 224 : 225 258 259
51 52 225 : 227 263 264
51 225 : 226 260 261 262
52 53 226 : 228 265 266
52 226 : 227 263 264
53 54 227 : 229 267 268
53 227 : 228 265 266
54 55 228 : 230 269 270 271
54 228 : 229 267 268
55 56 229 : 231 272 273 274
55 229 : 230 269 270 271
56 57 230 : 232 275 276
56 230 : 231 272 273 274
57 58 231 : 233 277 278
57 231 : 232 275 276
58 59 232 : 234 279 280 281
58 232 : 233 277 278
59 233 : 234 279 280 281
