ABC command line: "
                read /home/alex/code/LSV-PA/lsv/pa1/benchmarks/sqrt.blif;
                strash;
                lsv_printmocut 3 3;
                quit;
            ".

3 4 24055 : 24265 24275 24285
5 6 23311 : 23329 23330 23331
5 24265 24268 : 24270 24272 24273
7 8 22579 : 22590 22591 22592
7 23330 23339 : 23341 23343 23344
9 10 21859 : 21870 21871 21872
9 22591 22600 : 22602 22604 22605
11 12 21150 : 21162 21163 21164
11 21871 21880 : 21882 21884 21885
13 14 20452 : 20464 20465 20466
13 21163 21172 : 21174 21176 21177
15 16 19760 : 19772 19773 19774
15 20465 20475 : 20477 20479 20480
17 18 19080 : 19092 19093 19094
17 19773 19783 : 19785 19787 19788
19 20 18412 : 18424 18425 18426
19 19093 19103 : 19105 19107 19108
21 22 17756 : 17768 17769 17770
21 18425 18435 : 18437 18439 18440
23 24 17112 : 17124 17125 17126
23 17769 17779 : 17781 17783 17784
25 26 16480 : 16492 16493 16494
25 17125 17135 : 17137 17139 17140
27 28 15860 : 15872 15873 15874
27 16493 16503 : 16505 16507 16508
29 30 15252 : 15264 15265 15266
29 15873 15883 : 15885 15887 15888
31 32 14656 : 14668 14669 14670
31 15265 15275 : 15277 15279 15280
33 34 14072 : 14084 14085 14086
33 14669 14679 : 14681 14683 14684
35 36 13500 : 13512 13513 13514
35 14085 14095 : 14097 14099 14100
37 38 12940 : 12952 12953 12954
37 13513 13523 : 13525 13527 13528
39 40 12392 : 12404 12405 12406
39 12953 12963 : 12965 12967 12968
41 42 11856 : 11868 11869 11870
41 12405 12415 : 12417 12419 12420
43 44 11332 : 11344 11345 11346
43 11869 11879 : 11881 11883 11884
45 46 10820 : 10832 10833 10834
45 11345 11355 : 11357 11359 11360
47 48 10320 : 10332 10333 10334
47 10833 10843 : 10845 10847 10848
49 50 9832 : 9844 9845 9846
49 10333 10343 : 10345 10347 10348
51 52 9356 : 9368 9369 9370
51 9845 9855 : 9857 9859 9860
53 54 8892 : 8904 8905 8906
53 9369 9379 : 9381 9383 9384
55 56 8440 : 8452 8453 8454
55 8905 8915 : 8917 8919 8920
57 58 8000 : 8012 8013 8014
57 8453 8463 : 8465 8467 8468
59 60 7572 : 7584 7585 7586
59 8013 8023 : 8025 8027 8028
61 62 7156 : 7168 7169 7170
61 7585 7595 : 7597 7599 7600
63 64 6751 : 6763 6764 6765
63 7169 7179 : 7181 7183 7184
65 66 6359 : 6366 6367 6368
65 6764 6774 : 6776 6778 6779
67 68 5979 : 5991 5992 5993
67 6367 6382 : 6384 6386 6387
69 70 5611 : 5623 5624 5625
69 5992 6002 : 6004 6006 6007
71 72 5255 : 5267 5268 5269
71 5624 5634 : 5636 5638 5639
73 74 4911 : 4923 4924 4925
73 5268 5278 : 5280 5282 5283
75 76 4579 : 4591 4592 4593
75 4924 4934 : 4936 4938 4939
77 78 4259 : 4271 4272 4273
77 4592 4602 : 4604 4606 4607
79 80 3951 : 3963 3964 3965
79 4272 4282 : 4284 4286 4287
81 82 3655 : 3667 3668 3669
81 3964 3974 : 3976 3978 3979
83 84 3371 : 3383 3384 3385
83 3668 3678 : 3680 3682 3683
85 86 3099 : 3111 3112 3113
85 3384 3394 : 3396 3398 3399
87 88 2839 : 2851 2852 2853
87 3112 3122 : 3124 3126 3127
89 90 2591 : 2603 2604 2605
89 2852 2862 : 2864 2866 2867
91 92 2355 : 2367 2368 2369
91 2604 2614 : 2616 2618 2619
93 94 2131 : 2143 2144 2145
93 2368 2378 : 2380 2382 2383
95 96 1918 : 1930 1931 1932
95 2144 2154 : 2156 2158 2159
97 98 1718 : 1725 1726 1727
97 1931 1941 : 1943 1945 1946
99 100 1530 : 1542 1543 1544
99 1726 1741 : 1743 1745 1746
101 102 1354 : 1366 1367 1368
101 1543 1553 : 1555 1557 1558
103 104 1190 : 1202 1203 1204
103 1367 1377 : 1379 1381 1382
105 106 1038 : 1050 1051 1052
105 1203 1213 : 1215 1217 1218
107 108 898 : 910 911 912
107 1051 1061 : 1063 1065 1066
109 110 770 : 782 783 784
109 911 921 : 923 925 926
111 112 653 : 665 666 667
111 783 793 : 795 797 798
113 114 549 : 556 557 558
113 666 676 : 678 680 681
115 116 457 : 469 470 471
115 557 572 : 574 576 577
117 118 377 : 389 390 391
117 470 480 : 482 484 485
119 120 308 : 320 321 322
119 390 400 : 402 404 405
121 122 253 : 260 261 262
121 321 331 : 333 335 336
123 124 215 : 224 226 227
123 261 275 : 277 279 280
125 126 198 : 204 205 206
125 224 232 : 234 236 237
127 128 : 193 194 195
127 128 196 : 197 198 205 212 213 230
198 258 267 : 269 271 354
198 325 337 : 339 341 434
198 408 417 : 419 428 526
198 499 509 : 511 520 630
198 603 613 : 615 624 747
198 720 730 : 732 741 875
198 848 858 : 860 869 1015
198 988 998 : 1000 1009 1167
198 1140 1150 : 1152 1161 1331
198 1304 1314 : 1316 1318 1507
198 1480 1490 : 1492 1501 1695
198 1668 1678 : 1680 1689 1895
198 1868 1878 : 1880 1889 2108
198 2081 2091 : 2093 2102 2332
198 2305 2315 : 2317 2326 2568
198 2541 2551 : 2553 2562 2816
198 2789 2799 : 2801 2810 3076
198 3049 3059 : 3061 3070 3348
198 3321 3331 : 3333 3342 3632
198 3605 3615 : 3617 3626 3928
198 3901 3911 : 3913 3922 4236
198 4209 4219 : 4221 4230 4556
198 4529 4539 : 4541 4550 4888
198 4861 4871 : 4873 4882 5232
198 5205 5215 : 5217 5226 5588
198 5561 5571 : 5573 5575 5956
198 5929 5939 : 5941 5950 6336
198 6309 6319 : 6321 6330 6728
198 6701 6711 : 6713 6722 7133
198 7106 7116 : 7118 7127 7549
198 7522 7532 : 7534 7543 7977
198 7950 7960 : 7962 7971 8417
198 8390 8400 : 8402 8411 8869
198 8842 8852 : 8854 8863 9333
198 9306 9316 : 9318 9327 9809
198 9782 9792 : 9794 9803 10297
198 10270 10280 : 10282 10291 10797
198 10770 10780 : 10782 10791 11309
198 11282 11292 : 11294 11303 11833
198 11806 11816 : 11818 11827 12369
198 12342 12352 : 12354 12363 12917
198 12890 12900 : 12902 12911 13477
198 13450 13460 : 13462 13471 14049
198 14022 14032 : 14034 14043 14633
198 14606 14616 : 14618 14627 15229
198 15202 15212 : 15214 15223 15837
198 15810 15820 : 15822 15831 16457
198 16430 16440 : 16442 16451 17089
198 17062 17072 : 17074 17083 17733
198 17706 17716 : 17718 17727 18389
198 18362 18372 : 18374 18383 19057
198 19030 19040 : 19042 19051 19737
198 19710 19720 : 19722 19731 20429
198 20402 20412 : 20414 20423 21133
198 21106 21116 : 21118 21127 21842
198 21815 21825 : 21827 21836 22562
198 22535 22545 : 22547 22556 23294
198 23267 23277 : 23279 23281 24038
198 24018 24021 : 24023 24032 24789
202 206 215 : 238 239 245
215 313 323 : 325 327 423
215 394 406 : 408 416 515
215 488 497 : 499 508 619
215 591 601 : 603 612 736
215 708 718 : 720 729 864
215 836 846 : 848 857 1004
215 976 986 : 988 997 1156
215 1128 1138 : 1140 1142 1322
215 1292 1302 : 1304 1313 1496
215 1468 1478 : 1480 1489 1684
215 1656 1666 : 1668 1677 1884
215 1856 1866 : 1868 1877 2097
215 2069 2079 : 2081 2090 2321
215 2293 2303 : 2305 2314 2557
215 2529 2539 : 2541 2550 2805
215 2777 2787 : 2789 2798 3065
215 3037 3047 : 3049 3058 3337
215 3309 3319 : 3321 3330 3621
215 3593 3603 : 3605 3614 3917
215 3889 3899 : 3901 3910 4225
215 4197 4207 : 4209 4218 4545
215 4517 4527 : 4529 4538 4877
215 4849 4859 : 4861 4870 5221
215 5193 5203 : 5205 5207 5579
215 5549 5559 : 5561 5570 5945
215 5917 5927 : 5929 5938 6325
215 6297 6307 : 6309 6318 6717
215 6689 6699 : 6701 6710 7122
215 7094 7104 : 7106 7115 7538
215 7510 7520 : 7522 7531 7966
215 7938 7948 : 7950 7959 8406
215 8378 8388 : 8390 8399 8858
215 8830 8840 : 8842 8851 9322
215 9294 9304 : 9306 9315 9798
215 9770 9780 : 9782 9791 10286
215 10258 10268 : 10270 10279 10786
215 10758 10768 : 10770 10779 11298
215 11270 11280 : 11282 11291 11822
215 11794 11804 : 11806 11815 12358
215 12330 12340 : 12342 12351 12906
215 12878 12888 : 12890 12899 13466
215 13438 13448 : 13450 13459 14038
215 14010 14020 : 14022 14031 14622
215 14594 14604 : 14606 14615 15218
215 15190 15200 : 15202 15211 15826
215 15798 15808 : 15810 15819 16446
215 16418 16428 : 16430 16439 17078
215 17050 17060 : 17062 17071 17722
215 17694 17704 : 17706 17715 18378
215 18350 18360 : 18362 18371 19046
215 19018 19028 : 19030 19039 19726
215 19698 19708 : 19710 19719 20418
215 20390 20400 : 20402 20411 21122
215 21094 21104 : 21106 21115 21831
215 21803 21813 : 21815 21824 22551
215 22523 22533 : 22535 22537 23285
215 23255 23265 : 23267 23276 24027
215 24006 24016 : 24018 24020 24056
227 253 283 : 285 287 288
229 237 253 : 290 291 298
253 382 392 : 394 396 503
253 474 486 : 488 496 607
253 580 589 : 591 600 724
253 696 706 : 708 717 852
253 824 834 : 836 845 992
253 964 974 : 976 978 1146
253 1116 1126 : 1128 1137 1308
253 1280 1290 : 1292 1301 1484
253 1456 1466 : 1468 1477 1672
253 1644 1654 : 1656 1665 1872
253 1844 1854 : 1856 1865 2085
253 2057 2067 : 2069 2078 2309
253 2281 2291 : 2293 2302 2545
253 2517 2527 : 2529 2538 2793
253 2765 2775 : 2777 2786 3053
253 3025 3035 : 3037 3046 3325
253 3297 3307 : 3309 3318 3609
253 3581 3591 : 3593 3602 3905
253 3877 3887 : 3889 3898 4213
253 4185 4195 : 4197 4206 4533
253 4505 4515 : 4517 4526 4865
253 4837 4847 : 4849 4851 5211
253 5181 5191 : 5193 5202 5565
253 5537 5547 : 5549 5558 5933
253 5905 5915 : 5917 5926 6313
253 6285 6295 : 6297 6306 6705
253 6677 6687 : 6689 6698 7110
253 7082 7092 : 7094 7103 7526
253 7498 7508 : 7510 7519 7954
253 7926 7936 : 7938 7947 8394
253 8366 8376 : 8378 8387 8846
253 8818 8828 : 8830 8839 9310
253 9282 9292 : 9294 9303 9786
253 9758 9768 : 9770 9779 10274
253 10246 10256 : 10258 10267 10774
253 10746 10756 : 10758 10767 11286
253 11258 11268 : 11270 11279 11810
253 11782 11792 : 11794 11803 12346
253 12318 12328 : 12330 12339 12894
253 12866 12876 : 12878 12887 13454
253 13426 13436 : 13438 13447 14026
253 13998 14008 : 14010 14019 14610
253 14582 14592 : 14594 14603 15206
253 15178 15188 : 15190 15199 15814
253 15786 15796 : 15798 15807 16434
253 16406 16416 : 16418 16427 17066
253 17038 17048 : 17050 17059 17710
253 17682 17692 : 17694 17703 18366
253 18338 18348 : 18350 18359 19034
253 19006 19016 : 19018 19027 19714
253 19686 19696 : 19698 19707 20406
253 20378 20388 : 20390 20399 21110
253 21082 21092 : 21094 21103 21819
253 21791 21801 : 21803 21805 22541
253 22511 22521 : 22523 22532 23271
253 23243 23253 : 23255 23264 23315
253 23994 24004 : 24006 24015 24772
308 462 472 : 474 476 595
308 566 578 : 580 588 712
308 684 694 : 696 705 840
308 812 822 : 824 826 982
308 952 962 : 964 973 1132
308 1104 1114 : 1116 1125 1296
308 1268 1278 : 1280 1289 1472
308 1444 1454 : 1456 1465 1660
308 1632 1642 : 1644 1653 1860
308 1832 1842 : 1844 1853 2073
308 2045 2055 : 2057 2066 2297
308 2269 2279 : 2281 2290 2533
308 2505 2515 : 2517 2526 2781
308 2753 2763 : 2765 2774 3041
308 3013 3023 : 3025 3034 3313
308 3285 3295 : 3297 3306 3597
308 3569 3579 : 3581 3590 3893
308 3865 3875 : 3877 3886 4201
308 4173 4183 : 4185 4194 4521
308 4493 4503 : 4505 4507 4855
308 4825 4835 : 4837 4846 5197
308 5169 5179 : 5181 5190 5553
308 5525 5535 : 5537 5546 5921
308 5893 5903 : 5905 5914 6301
308 6273 6283 : 6285 6294 6693
308 6665 6675 : 6677 6686 7098
308 7070 7080 : 7082 7091 7514
308 7486 7496 : 7498 7507 7942
308 7914 7924 : 7926 7935 8382
308 8354 8364 : 8366 8375 8834
308 8806 8816 : 8818 8827 9298
308 9270 9280 : 9282 9291 9774
308 9746 9756 : 9758 9767 10262
308 10234 10244 : 10246 10255 10762
308 10734 10744 : 10746 10755 11274
308 11246 11256 : 11258 11267 11798
308 11770 11780 : 11782 11791 12334
308 12306 12316 : 12318 12327 12882
308 12854 12864 : 12866 12875 13442
308 13414 13424 : 13426 13435 14014
308 13986 13996 : 13998 14007 14598
308 14570 14580 : 14582 14591 15194
308 15166 15176 : 15178 15187 15802
308 15774 15784 : 15786 15795 16422
308 16394 16404 : 16406 16415 17054
308 17026 17036 : 17038 17047 17698
308 17670 17680 : 17682 17691 18354
308 18326 18336 : 18338 18347 19022
308 18994 19004 : 19006 19015 19702
308 19674 19684 : 19686 19695 20394
308 20366 20376 : 20378 20387 21098
308 21070 21080 : 21082 21084 21809
308 21779 21789 : 21791 21800 22527
308 22499 22509 : 22511 22520 23259
308 23231 23241 : 23243 23252 24010
308 23982 23992 : 23994 24003 24063
322 377 409 : 411 413 414
377 554 564 : 566 568 700
377 670 682 : 684 686 830
377 801 810 : 812 821 968
377 940 950 : 952 961 1120
377 1092 1102 : 1104 1113 1284
377 1256 1266 : 1268 1277 1460
377 1432 1442 : 1444 1453 1648
377 1620 1630 : 1632 1641 1848
377 1820 1830 : 1832 1841 2061
377 2033 2043 : 2045 2054 2285
377 2257 2267 : 2269 2278 2521
377 2493 2503 : 2505 2514 2769
377 2741 2751 : 2753 2762 3029
377 3001 3011 : 3013 3022 3301
377 3273 3283 : 3285 3294 3585
377 3557 3567 : 3569 3578 3881
377 3853 3863 : 3865 3874 4189
377 4161 4171 : 4173 4175 4511
377 4481 4491 : 4493 4502 4841
377 4813 4823 : 4825 4834 5185
377 5157 5167 : 5169 5178 5541
377 5513 5523 : 5525 5534 5909
377 5881 5891 : 5893 5902 6289
377 6261 6271 : 6273 6282 6681
377 6653 6663 : 6665 6674 7086
377 7058 7068 : 7070 7079 7502
377 7474 7484 : 7486 7495 7930
377 7902 7912 : 7914 7923 8370
377 8342 8352 : 8354 8363 8822
377 8794 8804 : 8806 8815 9286
377 9258 9268 : 9270 9279 9762
377 9734 9744 : 9746 9755 10250
377 10222 10232 : 10234 10243 10750
377 10722 10732 : 10734 10743 11262
377 11234 11244 : 11246 11255 11786
377 11758 11768 : 11770 11779 12322
377 12294 12304 : 12306 12315 12870
377 12842 12852 : 12854 12863 13430
377 13402 13412 : 13414 13423 14002
377 13974 13984 : 13986 13995 14586
377 14558 14568 : 14570 14579 15182
377 15154 15164 : 15166 15175 15790
377 15762 15772 : 15774 15783 16410
377 16382 16392 : 16394 16403 17042
377 17014 17024 : 17026 17035 17686
377 17658 17668 : 17670 17679 18342
377 18314 18324 : 18326 18335 19010
377 18982 18992 : 18994 19003 19690
377 19662 19672 : 19674 19683 20382
377 20354 20364 : 20366 20368 21088
377 21058 21068 : 21070 21079 21795
377 21767 21777 : 21779 21788 22515
377 22487 22497 : 22499 22508 23247
377 23219 23229 : 23231 23240 23998
377 23970 23980 : 23982 23991 24755
391 457 489 : 491 493 494
457 658 668 : 670 672 816
457 787 799 : 801 809 956
457 929 938 : 940 949 1108
457 1080 1090 : 1092 1101 1272
457 1244 1254 : 1256 1265 1448
457 1420 1430 : 1432 1441 1636
457 1608 1618 : 1620 1629 1836
457 1808 1818 : 1820 1829 2049
457 2021 2031 : 2033 2042 2273
457 2245 2255 : 2257 2266 2509
457 2481 2491 : 2493 2502 2757
457 2729 2739 : 2741 2750 3017
457 2989 2999 : 3001 3010 3289
457 3261 3271 : 3273 3282 3573
457 3545 3555 : 3557 3566 3869
457 3841 3851 : 3853 3855 4179
457 4149 4159 : 4161 4170 4497
457 4469 4479 : 4481 4490 4829
457 4801 4811 : 4813 4822 5173
457 5145 5155 : 5157 5166 5529
457 5501 5511 : 5513 5522 5897
457 5869 5879 : 5881 5890 6277
457 6249 6259 : 6261 6270 6669
457 6641 6651 : 6653 6662 7074
457 7046 7056 : 7058 7067 7490
457 7462 7472 : 7474 7483 7918
457 7890 7900 : 7902 7911 8358
457 8330 8340 : 8342 8351 8810
457 8782 8792 : 8794 8803 9274
457 9246 9256 : 9258 9267 9750
457 9722 9732 : 9734 9743 10238
457 10210 10220 : 10222 10231 10738
457 10710 10720 : 10722 10731 11250
457 11222 11232 : 11234 11243 11774
457 11746 11756 : 11758 11767 12310
457 12282 12292 : 12294 12303 12858
457 12830 12840 : 12842 12851 13418
457 13390 13400 : 13402 13411 13990
457 13962 13972 : 13974 13983 14574
457 14546 14556 : 14558 14567 15170
457 15142 15152 : 15154 15163 15778
457 15750 15760 : 15762 15771 16398
457 16370 16380 : 16382 16391 17030
457 17002 17012 : 17014 17023 17674
457 17646 17656 : 17658 17667 18330
457 18302 18312 : 18314 18323 18998
457 18970 18980 : 18982 18991 19678
457 19650 19660 : 19662 19664 20372
457 20342 20352 : 20354 20363 21074
457 21046 21056 : 21058 21067 21783
457 21755 21765 : 21767 21776 22503
457 22475 22485 : 22487 22496 23235
457 23207 23217 : 23219 23228 23986
457 23958 23968 : 23970 23979 24070
471 549 581 : 583 585 586
549 775 785 : 787 789 944
549 915 927 : 929 937 1096
549 1069 1078 : 1080 1089 1260
549 1232 1242 : 1244 1253 1436
549 1408 1418 : 1420 1429 1624
549 1596 1606 : 1608 1617 1824
549 1796 1806 : 1808 1817 2037
549 2009 2019 : 2021 2030 2261
549 2233 2243 : 2245 2254 2497
549 2469 2479 : 2481 2490 2745
549 2717 2727 : 2729 2738 3005
549 2977 2987 : 2989 2998 3277
549 3249 3259 : 3261 3270 3561
549 3533 3543 : 3545 3547 3859
549 3829 3839 : 3841 3850 4165
549 4137 4147 : 4149 4158 4485
549 4457 4467 : 4469 4478 4817
549 4789 4799 : 4801 4810 5161
549 5133 5143 : 5145 5154 5517
549 5489 5499 : 5501 5510 5885
549 5857 5867 : 5869 5878 6265
549 6237 6247 : 6249 6258 6657
549 6629 6639 : 6641 6650 7062
549 7034 7044 : 7046 7055 7478
549 7450 7460 : 7462 7471 7906
549 7878 7888 : 7890 7899 8346
549 8318 8328 : 8330 8339 8798
549 8770 8780 : 8782 8791 9262
549 9234 9244 : 9246 9255 9738
549 9710 9720 : 9722 9731 10226
549 10198 10208 : 10210 10219 10726
549 10698 10708 : 10710 10719 11238
549 11210 11220 : 11222 11231 11762
549 11734 11744 : 11746 11755 12298
549 12270 12280 : 12282 12291 12846
549 12818 12828 : 12830 12839 13406
549 13378 13388 : 13390 13399 13978
549 13950 13960 : 13962 13971 14562
549 14534 14544 : 14546 14555 15158
549 15130 15140 : 15142 15151 15766
549 15738 15748 : 15750 15759 16386
549 16358 16368 : 16370 16379 17018
549 16990 17000 : 17002 17011 17662
549 17634 17644 : 17646 17655 18318
549 18290 18300 : 18302 18311 18986
549 18958 18968 : 18970 18972 19668
549 19638 19648 : 19650 19659 20358
549 20330 20340 : 20342 20351 21062
549 21034 21044 : 21046 21055 21771
549 21743 21753 : 21755 21764 22491
549 22463 22473 : 22475 22484 23223
549 23195 23205 : 23207 23216 23974
549 23946 23956 : 23958 23967 24738
653 903 913 : 915 917 1084
653 1055 1067 : 1069 1077 1248
653 1221 1230 : 1232 1241 1424
653 1396 1406 : 1408 1417 1612
653 1584 1594 : 1596 1605 1812
653 1784 1794 : 1796 1805 2025
653 1997 2007 : 2009 2018 2249
653 2221 2231 : 2233 2242 2485
653 2457 2467 : 2469 2478 2733
653 2705 2715 : 2717 2726 2993
653 2965 2975 : 2977 2986 3265
653 3237 3247 : 3249 3251 3551
653 3521 3531 : 3533 3542 3845
653 3817 3827 : 3829 3838 4153
653 4125 4135 : 4137 4146 4473
653 4445 4455 : 4457 4466 4805
653 4777 4787 : 4789 4798 5149
653 5121 5131 : 5133 5142 5505
653 5477 5487 : 5489 5498 5873
653 5845 5855 : 5857 5866 6253
653 6225 6235 : 6237 6246 6645
653 6617 6627 : 6629 6638 7050
653 7022 7032 : 7034 7043 7466
653 7438 7448 : 7450 7459 7894
653 7866 7876 : 7878 7887 8334
653 8306 8316 : 8318 8327 8786
653 8758 8768 : 8770 8779 9250
653 9222 9232 : 9234 9243 9726
653 9698 9708 : 9710 9719 10214
653 10186 10196 : 10198 10207 10714
653 10686 10696 : 10698 10707 11226
653 11198 11208 : 11210 11219 11750
653 11722 11732 : 11734 11743 12286
653 12258 12268 : 12270 12279 12834
653 12806 12816 : 12818 12827 13394
653 13366 13376 : 13378 13387 13966
653 13938 13948 : 13950 13959 14550
653 14522 14532 : 14534 14543 15146
653 15118 15128 : 15130 15139 15754
653 15726 15736 : 15738 15747 16374
653 16346 16356 : 16358 16367 17006
653 16978 16988 : 16990 16999 17650
653 17622 17632 : 17634 17643 18306
653 18278 18288 : 18290 18292 18976
653 18946 18956 : 18958 18967 19654
653 19626 19636 : 19638 19647 20346
653 20318 20328 : 20330 20339 21050
653 21022 21032 : 21034 21043 21759
653 21731 21741 : 21743 21752 22479
653 22451 22461 : 22463 22472 23211
653 23183 23193 : 23195 23204 23962
653 23934 23944 : 23946 23955 24077
667 770 802 : 804 806 807
770 1043 1053 : 1055 1057 1236
770 1207 1219 : 1221 1229 1412
770 1385 1394 : 1396 1405 1600
770 1572 1582 : 1584 1593 1800
770 1772 1782 : 1784 1793 2013
770 1985 1995 : 1997 2006 2237
770 2209 2219 : 2221 2230 2473
770 2445 2455 : 2457 2466 2721
770 2693 2703 : 2705 2714 2981
770 2953 2963 : 2965 2967 3255
770 3225 3235 : 3237 3246 3537
770 3509 3519 : 3521 3530 3833
770 3805 3815 : 3817 3826 4141
770 4113 4123 : 4125 4134 4461
770 4433 4443 : 4445 4454 4793
770 4765 4775 : 4777 4786 5137
770 5109 5119 : 5121 5130 5493
770 5465 5475 : 5477 5486 5861
770 5833 5843 : 5845 5854 6241
770 6213 6223 : 6225 6234 6633
770 6605 6615 : 6617 6626 7038
770 7010 7020 : 7022 7031 7454
770 7426 7436 : 7438 7447 7882
770 7854 7864 : 7866 7875 8322
770 8294 8304 : 8306 8315 8774
770 8746 8756 : 8758 8767 9238
770 9210 9220 : 9222 9231 9714
770 9686 9696 : 9698 9707 10202
770 10174 10184 : 10186 10195 10702
770 10674 10684 : 10686 10695 11214
770 11186 11196 : 11198 11207 11738
770 11710 11720 : 11722 11731 12274
770 12246 12256 : 12258 12267 12822
770 12794 12804 : 12806 12815 13382
770 13354 13364 : 13366 13375 13954
770 13926 13936 : 13938 13947 14538
770 14510 14520 : 14522 14531 15134
770 15106 15116 : 15118 15127 15742
770 15714 15724 : 15726 15735 16362
770 16334 16344 : 16346 16355 16994
770 16966 16976 : 16978 16987 17638
770 17610 17620 : 17622 17624 18296
770 18266 18276 : 18278 18287 18962
770 18934 18944 : 18946 18955 19642
770 19614 19624 : 19626 19635 20334
770 20306 20316 : 20318 20327 21038
770 21010 21020 : 21022 21031 21747
770 21719 21729 : 21731 21740 22467
770 22439 22449 : 22451 22460 23199
770 23171 23181 : 23183 23192 23950
770 23922 23932 : 23934 23943 24721
784 898 930 : 932 934 935
898 1195 1205 : 1207 1209 1400
898 1371 1383 : 1385 1393 1588
898 1561 1570 : 1572 1581 1788
898 1760 1770 : 1772 1781 2001
898 1973 1983 : 1985 1994 2225
898 2197 2207 : 2209 2218 2461
898 2433 2443 : 2445 2454 2709
898 2681 2691 : 2693 2695 2971
898 2941 2951 : 2953 2962 3241
898 3213 3223 : 3225 3234 3525
898 3497 3507 : 3509 3518 3821
898 3793 3803 : 3805 3814 4129
898 4101 4111 : 4113 4122 4449
898 4421 4431 : 4433 4442 4781
898 4753 4763 : 4765 4774 5125
898 5097 5107 : 5109 5118 5481
898 5453 5463 : 5465 5474 5849
898 5821 5831 : 5833 5842 6229
898 6201 6211 : 6213 6222 6621
898 6593 6603 : 6605 6614 7026
898 6998 7008 : 7010 7019 7442
898 7414 7424 : 7426 7435 7870
898 7842 7852 : 7854 7863 8310
898 8282 8292 : 8294 8303 8762
898 8734 8744 : 8746 8755 9226
898 9198 9208 : 9210 9219 9702
898 9674 9684 : 9686 9695 10190
898 10162 10172 : 10174 10183 10690
898 10662 10672 : 10674 10683 11202
898 11174 11184 : 11186 11195 11726
898 11698 11708 : 11710 11719 12262
898 12234 12244 : 12246 12255 12810
898 12782 12792 : 12794 12803 13370
898 13342 13352 : 13354 13363 13942
898 13914 13924 : 13926 13935 14526
898 14498 14508 : 14510 14519 15122
898 15094 15104 : 15106 15115 15730
898 15702 15712 : 15714 15723 16350
898 16322 16332 : 16334 16343 16982
898 16954 16964 : 16966 16968 17628
898 17598 17608 : 17610 17619 18282
898 18254 18264 : 18266 18275 18950
898 18922 18932 : 18934 18943 19630
898 19602 19612 : 19614 19623 20322
898 20294 20304 : 20306 20315 21026
898 20998 21008 : 21010 21019 21735
898 21707 21717 : 21719 21728 22455
898 22427 22437 : 22439 22448 23187
898 23159 23169 : 23171 23180 23938
898 23910 23920 : 23922 23931 24084
912 1038 1070 : 1072 1074 1075
1038 1359 1369 : 1371 1373 1576
1038 1547 1559 : 1561 1569 1776
1038 1749 1758 : 1760 1769 1989
1038 1961 1971 : 1973 1982 2213
1038 2185 2195 : 2197 2206 2449
1038 2421 2431 : 2433 2435 2699
1038 2669 2679 : 2681 2690 2957
1038 2929 2939 : 2941 2950 3229
1038 3201 3211 : 3213 3222 3513
1038 3485 3495 : 3497 3506 3809
1038 3781 3791 : 3793 3802 4117
1038 4089 4099 : 4101 4110 4437
1038 4409 4419 : 4421 4430 4769
1038 4741 4751 : 4753 4762 5113
1038 5085 5095 : 5097 5106 5469
1038 5441 5451 : 5453 5462 5837
1038 5809 5819 : 5821 5830 6217
1038 6189 6199 : 6201 6210 6609
1038 6581 6591 : 6593 6602 7014
1038 6986 6996 : 6998 7007 7430
1038 7402 7412 : 7414 7423 7858
1038 7830 7840 : 7842 7851 8298
1038 8270 8280 : 8282 8291 8750
1038 8722 8732 : 8734 8743 9214
1038 9186 9196 : 9198 9207 9690
1038 9662 9672 : 9674 9683 10178
1038 10150 10160 : 10162 10171 10678
1038 10650 10660 : 10662 10671 11190
1038 11162 11172 : 11174 11183 11714
1038 11686 11696 : 11698 11707 12250
1038 12222 12232 : 12234 12243 12798
1038 12770 12780 : 12782 12791 13358
1038 13330 13340 : 13342 13351 13930
1038 13902 13912 : 13914 13923 14514
1038 14486 14496 : 14498 14507 15110
1038 15082 15092 : 15094 15103 15718
1038 15690 15700 : 15702 15711 16338
1038 16310 16320 : 16322 16324 16972
1038 16942 16952 : 16954 16963 17614
1038 17586 17596 : 17598 17607 18270
1038 18242 18252 : 18254 18263 18938
1038 18910 18920 : 18922 18931 19618
1038 19590 19600 : 19602 19611 20310
1038 20282 20292 : 20294 20303 21014
1038 20986 20996 : 20998 21007 21723
1038 21695 21705 : 21707 21716 22443
1038 22415 22425 : 22427 22436 23175
1038 23147 23157 : 23159 23168 23926
1038 23898 23908 : 23910 23919 24704
1052 1190 1222 : 1224 1226 1227
1190 1535 1545 : 1547 1549 1764
1190 1735 1747 : 1749 1757 1977
1190 1949 1959 : 1961 1970 2201
1190 2173 2183 : 2185 2187 2439
1190 2409 2419 : 2421 2430 2685
1190 2657 2667 : 2669 2678 2945
1190 2917 2927 : 2929 2938 3217
1190 3189 3199 : 3201 3210 3501
1190 3473 3483 : 3485 3494 3797
1190 3769 3779 : 3781 3790 4105
1190 4077 4087 : 4089 4098 4425
1190 4397 4407 : 4409 4418 4757
1190 4729 4739 : 4741 4750 5101
1190 5073 5083 : 5085 5094 5457
1190 5429 5439 : 5441 5450 5825
1190 5797 5807 : 5809 5818 6205
1190 6177 6187 : 6189 6198 6597
1190 6569 6579 : 6581 6590 7002
1190 6974 6984 : 6986 6995 7418
1190 7390 7400 : 7402 7411 7846
1190 7818 7828 : 7830 7839 8286
1190 8258 8268 : 8270 8279 8738
1190 8710 8720 : 8722 8731 9202
1190 9174 9184 : 9186 9195 9678
1190 9650 9660 : 9662 9671 10166
1190 10138 10148 : 10150 10159 10666
1190 10638 10648 : 10650 10659 11178
1190 11150 11160 : 11162 11171 11702
1190 11674 11684 : 11686 11695 12238
1190 12210 12220 : 12222 12231 12786
1190 12758 12768 : 12770 12779 13346
1190 13318 13328 : 13330 13339 13918
1190 13890 13900 : 13902 13911 14502
1190 14474 14484 : 14486 14495 15098
1190 15070 15080 : 15082 15091 15706
1190 15678 15688 : 15690 15692 16328
1190 16298 16308 : 16310 16319 16958
1190 16930 16940 : 16942 16951 17602
1190 17574 17584 : 17586 17595 18258
1190 18230 18240 : 18242 18251 18926
1190 18898 18908 : 18910 18919 19606
1190 19578 19588 : 19590 19599 20298
1190 20270 20280 : 20282 20291 21002
1190 20974 20984 : 20986 20995 21711
1190 21683 21693 : 21695 21704 22431
1190 22403 22413 : 22415 22424 23163
1190 23135 23145 : 23147 23156 23914
1190 23886 23896 : 23898 23907 24091
1204 1354 1386 : 1388 1390 1391
1354 1723 1733 : 1735 1737 1965
1354 1935 1947 : 1949 1951 2191
1354 2162 2171 : 2173 2182 2425
1354 2397 2407 : 2409 2418 2673
1354 2645 2655 : 2657 2666 2933
1354 2905 2915 : 2917 2926 3205
1354 3177 3187 : 3189 3198 3489
1354 3461 3471 : 3473 3482 3785
1354 3757 3767 : 3769 3778 4093
1354 4065 4075 : 4077 4086 4413
1354 4385 4395 : 4397 4406 4745
1354 4717 4727 : 4729 4738 5089
1354 5061 5071 : 5073 5082 5445
1354 5417 5427 : 5429 5438 5813
1354 5785 5795 : 5797 5806 6193
1354 6165 6175 : 6177 6186 6585
1354 6557 6567 : 6569 6578 6990
1354 6962 6972 : 6974 6983 7406
1354 7378 7388 : 7390 7399 7834
1354 7806 7816 : 7818 7827 8274
1354 8246 8256 : 8258 8267 8726
1354 8698 8708 : 8710 8719 9190
1354 9162 9172 : 9174 9183 9666
1354 9638 9648 : 9650 9659 10154
1354 10126 10136 : 10138 10147 10654
1354 10626 10636 : 10638 10647 11166
1354 11138 11148 : 11150 11159 11690
1354 11662 11672 : 11674 11683 12226
1354 12198 12208 : 12210 12219 12774
1354 12746 12756 : 12758 12767 13334
1354 13306 13316 : 13318 13327 13906
1354 13878 13888 : 13890 13899 14490
1354 14462 14472 : 14474 14483 15086
1354 15058 15068 : 15070 15072 15696
1354 15666 15676 : 15678 15687 16314
1354 16286 16296 : 16298 16307 16946
1354 16918 16928 : 16930 16939 17590
1354 17562 17572 : 17574 17583 18246
1354 18218 18228 : 18230 18239 18914
1354 18886 18896 : 18898 18907 19594
1354 19566 19576 : 19578 19587 20286
1354 20258 20268 : 20270 20279 20990
1354 20962 20972 : 20974 20983 21699
1354 21671 21681 : 21683 21692 22419
1354 22391 22401 : 22403 22412 23151
1354 23123 23133 : 23135 23144 23902
1354 23874 23884 : 23886 23895 24687
1368 1530 1562 : 1564 1566 1567
1530 1923 1933 : 1935 1937 2177
1530 2148 2160 : 2162 2170 2413
1530 2386 2395 : 2397 2406 2661
1530 2633 2643 : 2645 2654 2921
1530 2893 2903 : 2905 2914 3193
1530 3165 3175 : 3177 3186 3477
1530 3449 3459 : 3461 3470 3773
1530 3745 3755 : 3757 3766 4081
1530 4053 4063 : 4065 4074 4401
1530 4373 4383 : 4385 4394 4733
1530 4705 4715 : 4717 4726 5077
1530 5049 5059 : 5061 5070 5433
1530 5405 5415 : 5417 5426 5801
1530 5773 5783 : 5785 5794 6181
1530 6153 6163 : 6165 6174 6573
1530 6545 6555 : 6557 6566 6978
1530 6950 6960 : 6962 6971 7394
1530 7366 7376 : 7378 7387 7822
1530 7794 7804 : 7806 7815 8262
1530 8234 8244 : 8246 8255 8714
1530 8686 8696 : 8698 8707 9178
1530 9150 9160 : 9162 9171 9654
1530 9626 9636 : 9638 9647 10142
1530 10114 10124 : 10126 10135 10642
1530 10614 10624 : 10626 10635 11154
1530 11126 11136 : 11138 11147 11678
1530 11650 11660 : 11662 11671 12214
1530 12186 12196 : 12198 12207 12762
1530 12734 12744 : 12746 12755 13322
1530 13294 13304 : 13306 13315 13894
1530 13866 13876 : 13878 13887 14478
1530 14450 14460 : 14462 14464 15076
1530 15046 15056 : 15058 15067 15682
1530 15654 15664 : 15666 15675 16302
1530 16274 16284 : 16286 16295 16934
1530 16906 16916 : 16918 16927 17578
1530 17550 17560 : 17562 17571 18234
1530 18206 18216 : 18218 18227 18902
1530 18874 18884 : 18886 18895 19582
1530 19554 19564 : 19566 19575 20274
1530 20246 20256 : 20258 20267 20978
1530 20950 20960 : 20962 20971 21687
1530 21659 21669 : 21671 21680 22407
1530 22379 22389 : 22391 22400 23139
1530 23111 23121 : 23123 23132 23890
1530 23862 23872 : 23874 23883 24098
1544 1718 1750 : 1752 1754 1755
1718 2136 2146 : 2148 2150 2401
1718 2372 2384 : 2386 2394 2649
1718 2622 2631 : 2633 2642 2909
1718 2881 2891 : 2893 2902 3181
1718 3153 3163 : 3165 3174 3465
1718 3437 3447 : 3449 3458 3761
1718 3733 3743 : 3745 3754 4069
1718 4041 4051 : 4053 4062 4389
1718 4361 4371 : 4373 4382 4721
1718 4693 4703 : 4705 4714 5065
1718 5037 5047 : 5049 5058 5421
1718 5393 5403 : 5405 5414 5789
1718 5761 5771 : 5773 5782 6169
1718 6141 6151 : 6153 6162 6561
1718 6533 6543 : 6545 6554 6966
1718 6938 6948 : 6950 6959 7382
1718 7354 7364 : 7366 7375 7810
1718 7782 7792 : 7794 7803 8250
1718 8222 8232 : 8234 8243 8702
1718 8674 8684 : 8686 8695 9166
1718 9138 9148 : 9150 9159 9642
1718 9614 9624 : 9626 9635 10130
1718 10102 10112 : 10114 10123 10630
1718 10602 10612 : 10614 10623 11142
1718 11114 11124 : 11126 11135 11666
1718 11638 11648 : 11650 11659 12202
1718 12174 12184 : 12186 12195 12750
1718 12722 12732 : 12734 12743 13310
1718 13282 13292 : 13294 13303 13882
1718 13854 13864 : 13866 13868 14468
1718 14438 14448 : 14450 14459 15062
1718 15034 15044 : 15046 15055 15670
1718 15642 15652 : 15654 15663 16290
1718 16262 16272 : 16274 16283 16922
1718 16894 16904 : 16906 16915 17566
1718 17538 17548 : 17550 17559 18222
1718 18194 18204 : 18206 18215 18890
1718 18862 18872 : 18874 18883 19570
1718 19542 19552 : 19554 19563 20262
1718 20234 20244 : 20246 20255 20966
1718 20938 20948 : 20950 20959 21675
1718 21647 21657 : 21659 21668 22395
1718 22367 22377 : 22379 22388 23127
1718 23099 23109 : 23111 23120 23878
1718 23850 23860 : 23862 23871 24670
1918 2360 2370 : 2372 2374 2637
1918 2608 2620 : 2622 2630 2897
1918 2870 2879 : 2881 2890 3169
1918 3141 3151 : 3153 3162 3453
1918 3425 3435 : 3437 3446 3749
1918 3721 3731 : 3733 3742 4057
1918 4029 4039 : 4041 4050 4377
1918 4349 4359 : 4361 4370 4709
1918 4681 4691 : 4693 4702 5053
1918 5025 5035 : 5037 5046 5409
1918 5381 5391 : 5393 5402 5777
1918 5749 5759 : 5761 5770 6157
1918 6129 6139 : 6141 6150 6549
1918 6521 6531 : 6533 6542 6954
1918 6926 6936 : 6938 6947 7370
1918 7342 7352 : 7354 7363 7798
1918 7770 7780 : 7782 7791 8238
1918 8210 8220 : 8222 8231 8690
1918 8662 8672 : 8674 8683 9154
1918 9126 9136 : 9138 9147 9630
1918 9602 9612 : 9614 9623 10118
1918 10090 10100 : 10102 10111 10618
1918 10590 10600 : 10602 10611 11130
1918 11102 11112 : 11114 11123 11654
1918 11626 11636 : 11638 11647 12190
1918 12162 12172 : 12174 12183 12738
1918 12710 12720 : 12722 12731 13298
1918 13270 13280 : 13282 13284 13872
1918 13842 13852 : 13854 13863 14454
1918 14426 14436 : 14438 14447 15050
1918 15022 15032 : 15034 15043 15658
1918 15630 15640 : 15642 15651 16278
1918 16250 16260 : 16262 16271 16910
1918 16882 16892 : 16894 16903 17554
1918 17526 17536 : 17538 17547 18210
1918 18182 18192 : 18194 18203 18878
1918 18850 18860 : 18862 18871 19558
1918 19530 19540 : 19542 19551 20250
1918 20222 20232 : 20234 20243 20954
1918 20926 20936 : 20938 20947 21663
1918 21635 21645 : 21647 21656 22383
1918 22355 22365 : 22367 22376 23115
1918 23087 23097 : 23099 23108 23866
1918 23838 23848 : 23850 23859 24105
1932 2131 2163 : 2165 2167 2168
2131 2596 2606 : 2608 2610 2885
2131 2856 2868 : 2870 2878 3157
2131 3130 3139 : 3141 3150 3441
2131 3413 3423 : 3425 3434 3737
2131 3709 3719 : 3721 3730 4045
2131 4017 4027 : 4029 4038 4365
2131 4337 4347 : 4349 4358 4697
2131 4669 4679 : 4681 4690 5041
2131 5013 5023 : 5025 5034 5397
2131 5369 5379 : 5381 5390 5765
2131 5737 5747 : 5749 5758 6145
2131 6117 6127 : 6129 6138 6537
2131 6509 6519 : 6521 6530 6942
2131 6914 6924 : 6926 6935 7358
2131 7330 7340 : 7342 7351 7786
2131 7758 7768 : 7770 7779 8226
2131 8198 8208 : 8210 8219 8678
2131 8650 8660 : 8662 8671 9142
2131 9114 9124 : 9126 9135 9618
2131 9590 9600 : 9602 9611 10106
2131 10078 10088 : 10090 10099 10606
2131 10578 10588 : 10590 10599 11118
2131 11090 11100 : 11102 11111 11642
2131 11614 11624 : 11626 11635 12178
2131 12150 12160 : 12162 12171 12726
2131 12698 12708 : 12710 12712 13288
2131 13258 13268 : 13270 13279 13858
2131 13830 13840 : 13842 13851 14442
2131 14414 14424 : 14426 14435 15038
2131 15010 15020 : 15022 15031 15646
2131 15618 15628 : 15630 15639 16266
2131 16238 16248 : 16250 16259 16898
2131 16870 16880 : 16882 16891 17542
2131 17514 17524 : 17526 17535 18198
2131 18170 18180 : 18182 18191 18866
2131 18838 18848 : 18850 18859 19546
2131 19518 19528 : 19530 19539 20238
2131 20210 20220 : 20222 20231 20942
2131 20914 20924 : 20926 20935 21651
2131 21623 21633 : 21635 21644 22371
2131 22343 22353 : 22355 22364 23103
2131 23075 23085 : 23087 23096 23854
2131 23826 23836 : 23838 23847 24653
2145 2355 2387 : 2389 2391 2392
2355 2844 2854 : 2856 2858 3145
2355 3116 3128 : 3130 3138 3429
2355 3402 3411 : 3413 3422 3725
2355 3697 3707 : 3709 3718 4033
2355 4005 4015 : 4017 4026 4353
2355 4325 4335 : 4337 4346 4685
2355 4657 4667 : 4669 4678 5029
2355 5001 5011 : 5013 5022 5385
2355 5357 5367 : 5369 5378 5753
2355 5725 5735 : 5737 5746 6133
2355 6105 6115 : 6117 6126 6525
2355 6497 6507 : 6509 6518 6930
2355 6902 6912 : 6914 6923 7346
2355 7318 7328 : 7330 7339 7774
2355 7746 7756 : 7758 7767 8214
2355 8186 8196 : 8198 8207 8666
2355 8638 8648 : 8650 8659 9130
2355 9102 9112 : 9114 9123 9606
2355 9578 9588 : 9590 9599 10094
2355 10066 10076 : 10078 10087 10594
2355 10566 10576 : 10578 10587 11106
2355 11078 11088 : 11090 11099 11630
2355 11602 11612 : 11614 11623 12166
2355 12138 12148 : 12150 12152 12716
2355 12686 12696 : 12698 12707 13274
2355 13246 13256 : 13258 13267 13846
2355 13818 13828 : 13830 13839 14430
2355 14402 14412 : 14414 14423 15026
2355 14998 15008 : 15010 15019 15634
2355 15606 15616 : 15618 15627 16254
2355 16226 16236 : 16238 16247 16886
2355 16858 16868 : 16870 16879 17530
2355 17502 17512 : 17514 17523 18186
2355 18158 18168 : 18170 18179 18854
2355 18826 18836 : 18838 18847 19534
2355 19506 19516 : 19518 19527 20226
2355 20198 20208 : 20210 20219 20930
2355 20902 20912 : 20914 20923 21639
2355 21611 21621 : 21623 21632 22359
2355 22331 22341 : 22343 22352 23091
2355 23063 23073 : 23075 23084 23842
2355 23814 23824 : 23826 23835 24112
2369 2591 2623 : 2625 2627 2628
2591 3104 3114 : 3116 3118 3417
2591 3388 3400 : 3402 3410 3713
2591 3686 3695 : 3697 3706 4021
2591 3993 4003 : 4005 4014 4341
2591 4313 4323 : 4325 4334 4673
2591 4645 4655 : 4657 4666 5017
2591 4989 4999 : 5001 5010 5373
2591 5345 5355 : 5357 5366 5741
2591 5713 5723 : 5725 5734 6121
2591 6093 6103 : 6105 6114 6513
2591 6485 6495 : 6497 6506 6918
2591 6890 6900 : 6902 6911 7334
2591 7306 7316 : 7318 7327 7762
2591 7734 7744 : 7746 7755 8202
2591 8174 8184 : 8186 8195 8654
2591 8626 8636 : 8638 8647 9118
2591 9090 9100 : 9102 9111 9594
2591 9566 9576 : 9578 9587 10082
2591 10054 10064 : 10066 10075 10582
2591 10554 10564 : 10566 10575 11094
2591 11066 11076 : 11078 11087 11618
2591 11590 11600 : 11602 11604 12156
2591 12126 12136 : 12138 12147 12702
2591 12674 12684 : 12686 12695 13262
2591 13234 13244 : 13246 13255 13834
2591 13806 13816 : 13818 13827 14418
2591 14390 14400 : 14402 14411 15014
2591 14986 14996 : 14998 15007 15622
2591 15594 15604 : 15606 15615 16242
2591 16214 16224 : 16226 16235 16874
2591 16846 16856 : 16858 16867 17518
2591 17490 17500 : 17502 17511 18174
2591 18146 18156 : 18158 18167 18842
2591 18814 18824 : 18826 18835 19522
2591 19494 19504 : 19506 19515 20214
2591 20186 20196 : 20198 20207 20918
2591 20890 20900 : 20902 20911 21627
2591 21599 21609 : 21611 21620 22347
2591 22319 22329 : 22331 22340 23079
2591 23051 23061 : 23063 23072 23830
2591 23802 23812 : 23814 23823 24636
2605 2839 2871 : 2873 2875 2876
2839 3376 3386 : 3388 3390 3701
2839 3672 3684 : 3686 3694 4009
2839 3982 3991 : 3993 4002 4329
2839 4301 4311 : 4313 4322 4661
2839 4633 4643 : 4645 4654 5005
2839 4977 4987 : 4989 4998 5361
2839 5333 5343 : 5345 5354 5729
2839 5701 5711 : 5713 5722 6109
2839 6081 6091 : 6093 6102 6501
2839 6473 6483 : 6485 6494 6906
2839 6878 6888 : 6890 6899 7322
2839 7294 7304 : 7306 7315 7750
2839 7722 7732 : 7734 7743 8190
2839 8162 8172 : 8174 8183 8642
2839 8614 8624 : 8626 8635 9106
2839 9078 9088 : 9090 9099 9582
2839 9554 9564 : 9566 9575 10070
2839 10042 10052 : 10054 10063 10570
2839 10542 10552 : 10554 10563 11082
2839 11054 11064 : 11066 11068 11608
2839 11578 11588 : 11590 11599 12142
2839 12114 12124 : 12126 12135 12690
2839 12662 12672 : 12674 12683 13250
2839 13222 13232 : 13234 13243 13822
2839 13794 13804 : 13806 13815 14406
2839 14378 14388 : 14390 14399 15002
2839 14974 14984 : 14986 14995 15610
2839 15582 15592 : 15594 15603 16230
2839 16202 16212 : 16214 16223 16862
2839 16834 16844 : 16846 16855 17506
2839 17478 17488 : 17490 17499 18162
2839 18134 18144 : 18146 18155 18830
2839 18802 18812 : 18814 18823 19510
2839 19482 19492 : 19494 19503 20202
2839 20174 20184 : 20186 20195 20906
2839 20878 20888 : 20890 20899 21615
2839 21587 21597 : 21599 21608 22335
2839 22307 22317 : 22319 22328 23067
2839 23039 23049 : 23051 23060 23818
2839 23790 23800 : 23802 23811 24119
2853 3099 3131 : 3133 3135 3136
3099 3660 3670 : 3672 3674 3997
3099 3968 3980 : 3982 3990 4317
3099 4290 4299 : 4301 4310 4649
3099 4621 4631 : 4633 4642 4993
3099 4965 4975 : 4977 4986 5349
3099 5321 5331 : 5333 5342 5717
3099 5689 5699 : 5701 5710 6097
3099 6069 6079 : 6081 6090 6489
3099 6461 6471 : 6473 6482 6894
3099 6866 6876 : 6878 6887 7310
3099 7282 7292 : 7294 7303 7738
3099 7710 7720 : 7722 7731 8178
3099 8150 8160 : 8162 8171 8630
3099 8602 8612 : 8614 8623 9094
3099 9066 9076 : 9078 9087 9570
3099 9542 9552 : 9554 9563 10058
3099 10030 10040 : 10042 10051 10558
3099 10530 10540 : 10542 10544 11072
3099 11042 11052 : 11054 11063 11594
3099 11566 11576 : 11578 11587 12130
3099 12102 12112 : 12114 12123 12678
3099 12650 12660 : 12662 12671 13238
3099 13210 13220 : 13222 13231 13810
3099 13782 13792 : 13794 13803 14394
3099 14366 14376 : 14378 14387 14990
3099 14962 14972 : 14974 14983 15598
3099 15570 15580 : 15582 15591 16218
3099 16190 16200 : 16202 16211 16850
3099 16822 16832 : 16834 16843 17494
3099 17466 17476 : 17478 17487 18150
3099 18122 18132 : 18134 18143 18818
3099 18790 18800 : 18802 18811 19498
3099 19470 19480 : 19482 19491 20190
3099 20162 20172 : 20174 20183 20894
3099 20866 20876 : 20878 20887 21603
3099 21575 21585 : 21587 21596 22323
3099 22295 22305 : 22307 22316 23055
3099 23027 23037 : 23039 23048 23806
3099 23778 23788 : 23790 23799 24619
3113 3371 3403 : 3405 3407 3408
3371 3956 3966 : 3968 3970 4305
3371 4276 4288 : 4290 4298 4637
3371 4610 4619 : 4621 4630 4981
3371 4953 4963 : 4965 4974 5337
3371 5309 5319 : 5321 5330 5705
3371 5677 5687 : 5689 5698 6085
3371 6057 6067 : 6069 6078 6477
3371 6449 6459 : 6461 6470 6882
3371 6854 6864 : 6866 6875 7298
3371 7270 7280 : 7282 7291 7726
3371 7698 7708 : 7710 7719 8166
3371 8138 8148 : 8150 8159 8618
3371 8590 8600 : 8602 8611 9082
3371 9054 9064 : 9066 9075 9558
3371 9530 9540 : 9542 9551 10046
3371 10018 10028 : 10030 10032 10548
3371 10518 10528 : 10530 10539 11058
3371 11030 11040 : 11042 11051 11582
3371 11554 11564 : 11566 11575 12118
3371 12090 12100 : 12102 12111 12666
3371 12638 12648 : 12650 12659 13226
3371 13198 13208 : 13210 13219 13798
3371 13770 13780 : 13782 13791 14382
3371 14354 14364 : 14366 14375 14978
3371 14950 14960 : 14962 14971 15586
3371 15558 15568 : 15570 15579 16206
3371 16178 16188 : 16190 16199 16838
3371 16810 16820 : 16822 16831 17482
3371 17454 17464 : 17466 17475 18138
3371 18110 18120 : 18122 18131 18806
3371 18778 18788 : 18790 18799 19486
3371 19458 19468 : 19470 19479 20178
3371 20150 20160 : 20162 20171 20882
3371 20854 20864 : 20866 20875 21591
3371 21563 21573 : 21575 21584 22311
3371 22283 22293 : 22295 22304 23043
3371 23015 23025 : 23027 23036 23794
3371 23766 23776 : 23778 23787 24126
3385 3655 3687 : 3689 3691 3692
3655 4264 4274 : 4276 4278 4625
3655 4596 4608 : 4610 4618 4969
3655 4942 4951 : 4953 4962 5325
3655 5297 5307 : 5309 5318 5693
3655 5665 5675 : 5677 5686 6073
3655 6045 6055 : 6057 6066 6465
3655 6437 6447 : 6449 6458 6870
3655 6842 6852 : 6854 6863 7286
3655 7258 7268 : 7270 7279 7714
3655 7686 7696 : 7698 7707 8154
3655 8126 8136 : 8138 8147 8606
3655 8578 8588 : 8590 8599 9070
3655 9042 9052 : 9054 9063 9546
3655 9518 9528 : 9530 9532 10036
3655 10006 10016 : 10018 10027 10534
3655 10506 10516 : 10518 10527 11046
3655 11018 11028 : 11030 11039 11570
3655 11542 11552 : 11554 11563 12106
3655 12078 12088 : 12090 12099 12654
3655 12626 12636 : 12638 12647 13214
3655 13186 13196 : 13198 13207 13786
3655 13758 13768 : 13770 13779 14370
3655 14342 14352 : 14354 14363 14966
3655 14938 14948 : 14950 14959 15574
3655 15546 15556 : 15558 15567 16194
3655 16166 16176 : 16178 16187 16826
3655 16798 16808 : 16810 16819 17470
3655 17442 17452 : 17454 17463 18126
3655 18098 18108 : 18110 18119 18794
3655 18766 18776 : 18778 18787 19474
3655 19446 19456 : 19458 19467 20166
3655 20138 20148 : 20150 20159 20870
3655 20842 20852 : 20854 20863 21579
3655 21551 21561 : 21563 21572 22299
3655 22271 22281 : 22283 22292 23031
3655 23003 23013 : 23015 23024 23782
3655 23754 23764 : 23766 23775 24602
3669 3951 3983 : 3985 3987 3988
3951 4584 4594 : 4596 4598 4957
3951 4928 4940 : 4942 4950 5313
3951 5286 5295 : 5297 5306 5681
3951 5653 5663 : 5665 5674 6061
3951 6033 6043 : 6045 6054 6453
3951 6425 6435 : 6437 6446 6858
3951 6830 6840 : 6842 6851 7274
3951 7246 7256 : 7258 7267 7702
3951 7674 7684 : 7686 7695 8142
3951 8114 8124 : 8126 8135 8594
3951 8566 8576 : 8578 8587 9058
3951 9030 9040 : 9042 9044 9536
3951 9506 9516 : 9518 9527 10022
3951 9994 10004 : 10006 10015 10522
3951 10494 10504 : 10506 10515 11034
3951 11006 11016 : 11018 11027 11558
3951 11530 11540 : 11542 11551 12094
3951 12066 12076 : 12078 12087 12642
3951 12614 12624 : 12626 12635 13202
3951 13174 13184 : 13186 13195 13774
3951 13746 13756 : 13758 13767 14358
3951 14330 14340 : 14342 14351 14954
3951 14926 14936 : 14938 14947 15562
3951 15534 15544 : 15546 15555 16182
3951 16154 16164 : 16166 16175 16814
3951 16786 16796 : 16798 16807 17458
3951 17430 17440 : 17442 17451 18114
3951 18086 18096 : 18098 18107 18782
3951 18754 18764 : 18766 18775 19462
3951 19434 19444 : 19446 19455 20154
3951 20126 20136 : 20138 20147 20858
3951 20830 20840 : 20842 20851 21567
3951 21539 21549 : 21551 21560 22287
3951 22259 22269 : 22271 22280 23019
3951 22991 23001 : 23003 23012 23770
3951 23742 23752 : 23754 23763 24133
3965 4259 4291 : 4293 4295 4296
4259 4916 4926 : 4928 4930 5301
4259 5272 5284 : 5286 5294 5669
4259 5642 5651 : 5653 5662 6049
4259 6021 6031 : 6033 6042 6441
4259 6413 6423 : 6425 6434 6846
4259 6818 6828 : 6830 6839 7262
4259 7234 7244 : 7246 7255 7690
4259 7662 7672 : 7674 7683 8130
4259 8102 8112 : 8114 8123 8582
4259 8554 8564 : 8566 8568 9048
4259 9018 9028 : 9030 9039 9522
4259 9494 9504 : 9506 9515 10010
4259 9982 9992 : 9994 10003 10510
4259 10482 10492 : 10494 10503 11022
4259 10994 11004 : 11006 11015 11546
4259 11518 11528 : 11530 11539 12082
4259 12054 12064 : 12066 12075 12630
4259 12602 12612 : 12614 12623 13190
4259 13162 13172 : 13174 13183 13762
4259 13734 13744 : 13746 13755 14346
4259 14318 14328 : 14330 14339 14942
4259 14914 14924 : 14926 14935 15550
4259 15522 15532 : 15534 15543 16170
4259 16142 16152 : 16154 16163 16802
4259 16774 16784 : 16786 16795 17446
4259 17418 17428 : 17430 17439 18102
4259 18074 18084 : 18086 18095 18770
4259 18742 18752 : 18754 18763 19450
4259 19422 19432 : 19434 19443 20142
4259 20114 20124 : 20126 20135 20846
4259 20818 20828 : 20830 20839 21555
4259 21527 21537 : 21539 21548 22275
4259 22247 22257 : 22259 22268 23007
4259 22979 22989 : 22991 23000 23758
4259 23730 23740 : 23742 23751 24585
4273 4579 4611 : 4613 4615 4616
4579 5260 5270 : 5272 5274 5657
4579 5628 5640 : 5642 5650 6037
4579 6010 6019 : 6021 6030 6429
4579 6401 6411 : 6413 6422 6834
4579 6806 6816 : 6818 6827 7250
4579 7222 7232 : 7234 7243 7678
4579 7650 7660 : 7662 7671 8118
4579 8090 8100 : 8102 8104 8572
4579 8542 8552 : 8554 8563 9034
4579 9006 9016 : 9018 9027 9510
4579 9482 9492 : 9494 9503 9998
4579 9970 9980 : 9982 9991 10498
4579 10470 10480 : 10482 10491 11010
4579 10982 10992 : 10994 11003 11534
4579 11506 11516 : 11518 11527 12070
4579 12042 12052 : 12054 12063 12618
4579 12590 12600 : 12602 12611 13178
4579 13150 13160 : 13162 13171 13750
4579 13722 13732 : 13734 13743 14334
4579 14306 14316 : 14318 14327 14930
4579 14902 14912 : 14914 14923 15538
4579 15510 15520 : 15522 15531 16158
4579 16130 16140 : 16142 16151 16790
4579 16762 16772 : 16774 16783 17434
4579 17406 17416 : 17418 17427 18090
4579 18062 18072 : 18074 18083 18758
4579 18730 18740 : 18742 18751 19438
4579 19410 19420 : 19422 19431 20130
4579 20102 20112 : 20114 20123 20834
4579 20806 20816 : 20818 20827 21543
4579 21515 21525 : 21527 21536 22263
4579 22235 22245 : 22247 22256 22995
4579 22967 22977 : 22979 22988 23746
4579 23718 23728 : 23730 23739 24140
4593 4911 4943 : 4945 4947 4948
4911 5616 5626 : 5628 5630 6025
4911 5996 6008 : 6010 6018 6417
4911 6390 6399 : 6401 6410 6822
4911 6794 6804 : 6806 6815 7238
4911 7210 7220 : 7222 7231 7666
4911 7638 7648 : 7650 7652 8108
4911 8078 8088 : 8090 8099 8558
4911 8530 8540 : 8542 8551 9022
4911 8994 9004 : 9006 9015 9498
4911 9470 9480 : 9482 9491 9986
4911 9958 9968 : 9970 9979 10486
4911 10458 10468 : 10470 10479 10998
4911 10970 10980 : 10982 10991 11522
4911 11494 11504 : 11506 11515 12058
4911 12030 12040 : 12042 12051 12606
4911 12578 12588 : 12590 12599 13166
4911 13138 13148 : 13150 13159 13738
4911 13710 13720 : 13722 13731 14322
4911 14294 14304 : 14306 14315 14918
4911 14890 14900 : 14902 14911 15526
4911 15498 15508 : 15510 15519 16146
4911 16118 16128 : 16130 16139 16778
4911 16750 16760 : 16762 16771 17422
4911 17394 17404 : 17406 17415 18078
4911 18050 18060 : 18062 18071 18746
4911 18718 18728 : 18730 18739 19426
4911 19398 19408 : 19410 19419 20118
4911 20090 20100 : 20102 20111 20822
4911 20794 20804 : 20806 20815 21531
4911 21503 21513 : 21515 21524 22251
4911 22223 22233 : 22235 22244 22983
4911 22955 22965 : 22967 22976 23734
4911 23706 23716 : 23718 23727 24568
4925 5255 5287 : 5289 5291 5292
5255 5984 5994 : 5996 5998 6405
5255 6376 6388 : 6390 6398 6810
5255 6782 6792 : 6794 6803 7226
5255 7198 7208 : 7210 7212 7656
5255 7626 7636 : 7638 7647 8094
5255 8066 8076 : 8078 8087 8546
5255 8518 8528 : 8530 8539 9010
5255 8982 8992 : 8994 9003 9486
5255 9458 9468 : 9470 9479 9974
5255 9946 9956 : 9958 9967 10474
5255 10446 10456 : 10458 10467 10986
5255 10958 10968 : 10970 10979 11510
5255 11482 11492 : 11494 11503 12046
5255 12018 12028 : 12030 12039 12594
5255 12566 12576 : 12578 12587 13154
5255 13126 13136 : 13138 13147 13726
5255 13698 13708 : 13710 13719 14310
5255 14282 14292 : 14294 14303 14906
5255 14878 14888 : 14890 14899 15514
5255 15486 15496 : 15498 15507 16134
5255 16106 16116 : 16118 16127 16766
5255 16738 16748 : 16750 16759 17410
5255 17382 17392 : 17394 17403 18066
5255 18038 18048 : 18050 18059 18734
5255 18706 18716 : 18718 18727 19414
5255 19386 19396 : 19398 19407 20106
5255 20078 20088 : 20090 20099 20810
5255 20782 20792 : 20794 20803 21519
5255 21491 21501 : 21503 21512 22239
5255 22211 22221 : 22223 22232 22971
5255 22943 22953 : 22955 22964 23722
5255 23694 23704 : 23706 23715 24147
5269 5611 5643 : 5645 5647 5648
5611 6364 6374 : 6376 6378 6798
5611 6768 6780 : 6782 6784 7216
5611 7187 7196 : 7198 7207 7642
5611 7614 7624 : 7626 7635 8082
5611 8054 8064 : 8066 8075 8534
5611 8506 8516 : 8518 8527 8998
5611 8970 8980 : 8982 8991 9474
5611 9446 9456 : 9458 9467 9962
5611 9934 9944 : 9946 9955 10462
5611 10434 10444 : 10446 10455 10974
5611 10946 10956 : 10958 10967 11498
5611 11470 11480 : 11482 11491 12034
5611 12006 12016 : 12018 12027 12582
5611 12554 12564 : 12566 12575 13142
5611 13114 13124 : 13126 13135 13714
5611 13686 13696 : 13698 13707 14298
5611 14270 14280 : 14282 14291 14894
5611 14866 14876 : 14878 14887 15502
5611 15474 15484 : 15486 15495 16122
5611 16094 16104 : 16106 16115 16754
5611 16726 16736 : 16738 16747 17398
5611 17370 17380 : 17382 17391 18054
5611 18026 18036 : 18038 18047 18722
5611 18694 18704 : 18706 18715 19402
5611 19374 19384 : 19386 19395 20094
5611 20066 20076 : 20078 20087 20798
5611 20770 20780 : 20782 20791 21507
5611 21479 21489 : 21491 21500 22227
5611 22199 22209 : 22211 22220 22959
5611 22931 22941 : 22943 22952 23710
5611 23682 23692 : 23694 23703 24551
5625 5979 6011 : 6013 6015 6016
5979 6756 6766 : 6768 6770 7202
5979 7173 7185 : 7187 7195 7630
5979 7603 7612 : 7614 7623 8070
5979 8042 8052 : 8054 8063 8522
5979 8494 8504 : 8506 8515 8986
5979 8958 8968 : 8970 8979 9462
5979 9434 9444 : 9446 9455 9950
5979 9922 9932 : 9934 9943 10450
5979 10422 10432 : 10434 10443 10962
5979 10934 10944 : 10946 10955 11486
5979 11458 11468 : 11470 11479 12022
5979 11994 12004 : 12006 12015 12570
5979 12542 12552 : 12554 12563 13130
5979 13102 13112 : 13114 13123 13702
5979 13674 13684 : 13686 13695 14286
5979 14258 14268 : 14270 14279 14882
5979 14854 14864 : 14866 14875 15490
5979 15462 15472 : 15474 15483 16110
5979 16082 16092 : 16094 16103 16742
5979 16714 16724 : 16726 16735 17386
5979 17358 17368 : 17370 17379 18042
5979 18014 18024 : 18026 18035 18710
5979 18682 18692 : 18694 18703 19390
5979 19362 19372 : 19374 19383 20082
5979 20054 20064 : 20066 20075 20786
5979 20758 20768 : 20770 20779 21495
5979 21467 21477 : 21479 21488 22215
5979 22187 22197 : 22199 22208 22947
5979 22919 22929 : 22931 22940 23698
5979 23670 23680 : 23682 23691 24154
5993 6359 6391 : 6393 6395 6396
6359 7161 7171 : 7173 7175 7618
6359 7589 7601 : 7603 7611 8058
6359 8031 8040 : 8042 8051 8510
6359 8482 8492 : 8494 8503 8974
6359 8946 8956 : 8958 8967 9450
6359 9422 9432 : 9434 9443 9938
6359 9910 9920 : 9922 9931 10438
6359 10410 10420 : 10422 10431 10950
6359 10922 10932 : 10934 10943 11474
6359 11446 11456 : 11458 11467 12010
6359 11982 11992 : 11994 12003 12558
6359 12530 12540 : 12542 12551 13118
6359 13090 13100 : 13102 13111 13690
6359 13662 13672 : 13674 13683 14274
6359 14246 14256 : 14258 14267 14870
6359 14842 14852 : 14854 14863 15478
6359 15450 15460 : 15462 15471 16098
6359 16070 16080 : 16082 16091 16730
6359 16702 16712 : 16714 16723 17374
6359 17346 17356 : 17358 17367 18030
6359 18002 18012 : 18014 18023 18698
6359 18670 18680 : 18682 18691 19378
6359 19350 19360 : 19362 19371 20070
6359 20042 20052 : 20054 20063 20774
6359 20746 20756 : 20758 20767 21483
6359 21455 21465 : 21467 21476 22203
6359 22175 22185 : 22187 22196 22935
6359 22907 22917 : 22919 22928 23686
6359 23658 23668 : 23670 23679 24534
6751 7577 7587 : 7589 7591 8046
6751 8017 8029 : 8031 8039 8498
6751 8471 8480 : 8482 8491 8962
6751 8934 8944 : 8946 8955 9438
6751 9410 9420 : 9422 9431 9926
6751 9898 9908 : 9910 9919 10426
6751 10398 10408 : 10410 10419 10938
6751 10910 10920 : 10922 10931 11462
6751 11434 11444 : 11446 11455 11998
6751 11970 11980 : 11982 11991 12546
6751 12518 12528 : 12530 12539 13106
6751 13078 13088 : 13090 13099 13678
6751 13650 13660 : 13662 13671 14262
6751 14234 14244 : 14246 14255 14858
6751 14830 14840 : 14842 14851 15466
6751 15438 15448 : 15450 15459 16086
6751 16058 16068 : 16070 16079 16718
6751 16690 16700 : 16702 16711 17362
6751 17334 17344 : 17346 17355 18018
6751 17990 18000 : 18002 18011 18686
6751 18658 18668 : 18670 18679 19366
6751 19338 19348 : 19350 19359 20058
6751 20030 20040 : 20042 20051 20762
6751 20734 20744 : 20746 20755 21471
6751 21443 21453 : 21455 21464 22191
6751 22163 22173 : 22175 22184 22923
6751 22895 22905 : 22907 22916 23674
6751 23646 23656 : 23658 23667 24161
6765 7156 7188 : 7190 7192 7193
7156 8005 8015 : 8017 8019 8486
7156 8457 8469 : 8471 8479 8950
7156 8923 8932 : 8934 8943 9426
7156 9398 9408 : 9410 9419 9914
7156 9886 9896 : 9898 9907 10414
7156 10386 10396 : 10398 10407 10926
7156 10898 10908 : 10910 10919 11450
7156 11422 11432 : 11434 11443 11986
7156 11958 11968 : 11970 11979 12534
7156 12506 12516 : 12518 12527 13094
7156 13066 13076 : 13078 13087 13666
7156 13638 13648 : 13650 13659 14250
7156 14222 14232 : 14234 14243 14846
7156 14818 14828 : 14830 14839 15454
7156 15426 15436 : 15438 15447 16074
7156 16046 16056 : 16058 16067 16706
7156 16678 16688 : 16690 16699 17350
7156 17322 17332 : 17334 17343 18006
7156 17978 17988 : 17990 17999 18674
7156 18646 18656 : 18658 18667 19354
7156 19326 19336 : 19338 19347 20046
7156 20018 20028 : 20030 20039 20750
7156 20722 20732 : 20734 20743 21459
7156 21431 21441 : 21443 21452 22179
7156 22151 22161 : 22163 22172 22911
7156 22883 22893 : 22895 22904 23662
7156 23634 23644 : 23646 23655 24517
7170 7572 7604 : 7606 7608 7609
7572 8445 8455 : 8457 8459 8938
7572 8909 8921 : 8923 8931 9414
7572 9387 9396 : 9398 9407 9902
7572 9874 9884 : 9886 9895 10402
7572 10374 10384 : 10386 10395 10914
7572 10886 10896 : 10898 10907 11438
7572 11410 11420 : 11422 11431 11974
7572 11946 11956 : 11958 11967 12522
7572 12494 12504 : 12506 12515 13082
7572 13054 13064 : 13066 13075 13654
7572 13626 13636 : 13638 13647 14238
7572 14210 14220 : 14222 14231 14834
7572 14806 14816 : 14818 14827 15442
7572 15414 15424 : 15426 15435 16062
7572 16034 16044 : 16046 16055 16694
7572 16666 16676 : 16678 16687 17338
7572 17310 17320 : 17322 17331 17994
7572 17966 17976 : 17978 17987 18662
7572 18634 18644 : 18646 18655 19342
7572 19314 19324 : 19326 19335 20034
7572 20006 20016 : 20018 20027 20738
7572 20710 20720 : 20722 20731 21447
7572 21419 21429 : 21431 21440 22167
7572 22139 22149 : 22151 22160 22899
7572 22871 22881 : 22883 22892 23650
7572 23622 23632 : 23634 23643 24168
7586 8000 8032 : 8034 8036 8037
8000 8897 8907 : 8909 8911 9402
8000 9373 9385 : 9387 9395 9890
8000 9863 9872 : 9874 9883 10390
8000 10362 10372 : 10374 10383 10902
8000 10874 10884 : 10886 10895 11426
8000 11398 11408 : 11410 11419 11962
8000 11934 11944 : 11946 11955 12510
8000 12482 12492 : 12494 12503 13070
8000 13042 13052 : 13054 13063 13642
8000 13614 13624 : 13626 13635 14226
8000 14198 14208 : 14210 14219 14822
8000 14794 14804 : 14806 14815 15430
8000 15402 15412 : 15414 15423 16050
8000 16022 16032 : 16034 16043 16682
8000 16654 16664 : 16666 16675 17326
8000 17298 17308 : 17310 17319 17982
8000 17954 17964 : 17966 17975 18650
8000 18622 18632 : 18634 18643 19330
8000 19302 19312 : 19314 19323 20022
8000 19994 20004 : 20006 20015 20726
8000 20698 20708 : 20710 20719 21435
8000 21407 21417 : 21419 21428 22155
8000 22127 22137 : 22139 22148 22887
8000 22859 22869 : 22871 22880 23638
8000 23610 23620 : 23622 23631 24500
8014 8440 8472 : 8474 8476 8477
8440 9361 9371 : 9373 9375 9878
8440 9849 9861 : 9863 9871 10378
8440 10351 10360 : 10362 10371 10890
8440 10862 10872 : 10874 10883 11414
8440 11386 11396 : 11398 11407 11950
8440 11922 11932 : 11934 11943 12498
8440 12470 12480 : 12482 12491 13058
8440 13030 13040 : 13042 13051 13630
8440 13602 13612 : 13614 13623 14214
8440 14186 14196 : 14198 14207 14810
8440 14782 14792 : 14794 14803 15418
8440 15390 15400 : 15402 15411 16038
8440 16010 16020 : 16022 16031 16670
8440 16642 16652 : 16654 16663 17314
8440 17286 17296 : 17298 17307 17970
8440 17942 17952 : 17954 17963 18638
8440 18610 18620 : 18622 18631 19318
8440 19290 19300 : 19302 19311 20010
8440 19982 19992 : 19994 20003 20714
8440 20686 20696 : 20698 20707 21423
8440 21395 21405 : 21407 21416 22143
8440 22115 22125 : 22127 22136 22875
8440 22847 22857 : 22859 22868 23626
8440 23598 23608 : 23610 23619 24175
8454 8892 8924 : 8926 8928 8929
8892 9837 9847 : 9849 9851 10366
8892 10337 10349 : 10351 10359 10878
8892 10851 10860 : 10862 10871 11402
8892 11374 11384 : 11386 11395 11938
8892 11910 11920 : 11922 11931 12486
8892 12458 12468 : 12470 12479 13046
8892 13018 13028 : 13030 13039 13618
8892 13590 13600 : 13602 13611 14202
8892 14174 14184 : 14186 14195 14798
8892 14770 14780 : 14782 14791 15406
8892 15378 15388 : 15390 15399 16026
8892 15998 16008 : 16010 16019 16658
8892 16630 16640 : 16642 16651 17302
8892 17274 17284 : 17286 17295 17958
8892 17930 17940 : 17942 17951 18626
8892 18598 18608 : 18610 18619 19306
8892 19278 19288 : 19290 19299 19998
8892 19970 19980 : 19982 19991 20702
8892 20674 20684 : 20686 20695 21411
8892 21383 21393 : 21395 21404 22131
8892 22103 22113 : 22115 22124 22863
8892 22835 22845 : 22847 22856 23614
8892 23586 23596 : 23598 23607 24483
8906 9356 9388 : 9390 9392 9393
9356 10325 10335 : 10337 10339 10866
9356 10837 10849 : 10851 10859 11390
9356 11363 11372 : 11374 11383 11926
9356 11898 11908 : 11910 11919 12474
9356 12446 12456 : 12458 12467 13034
9356 13006 13016 : 13018 13027 13606
9356 13578 13588 : 13590 13599 14190
9356 14162 14172 : 14174 14183 14786
9356 14758 14768 : 14770 14779 15394
9356 15366 15376 : 15378 15387 16014
9356 15986 15996 : 15998 16007 16646
9356 16618 16628 : 16630 16639 17290
9356 17262 17272 : 17274 17283 17946
9356 17918 17928 : 17930 17939 18614
9356 18586 18596 : 18598 18607 19294
9356 19266 19276 : 19278 19287 19986
9356 19958 19968 : 19970 19979 20690
9356 20662 20672 : 20674 20683 21399
9356 21371 21381 : 21383 21392 22119
9356 22091 22101 : 22103 22112 22851
9356 22823 22833 : 22835 22844 23602
9356 23574 23584 : 23586 23595 24182
9370 9832 9864 : 9866 9868 9869
9832 10825 10835 : 10837 10839 11378
9832 11349 11361 : 11363 11371 11914
9832 11887 11896 : 11898 11907 12462
9832 12434 12444 : 12446 12455 13022
9832 12994 13004 : 13006 13015 13594
9832 13566 13576 : 13578 13587 14178
9832 14150 14160 : 14162 14171 14774
9832 14746 14756 : 14758 14767 15382
9832 15354 15364 : 15366 15375 16002
9832 15974 15984 : 15986 15995 16634
9832 16606 16616 : 16618 16627 17278
9832 17250 17260 : 17262 17271 17934
9832 17906 17916 : 17918 17927 18602
9832 18574 18584 : 18586 18595 19282
9832 19254 19264 : 19266 19275 19974
9832 19946 19956 : 19958 19967 20678
9832 20650 20660 : 20662 20671 21387
9832 21359 21369 : 21371 21380 22107
9832 22079 22089 : 22091 22100 22839
9832 22811 22821 : 22823 22832 23590
9832 23562 23572 : 23574 23583 24466
9846 10320 10352 : 10354 10356 10357
10320 11337 11347 : 11349 11351 11902
10320 11873 11885 : 11887 11895 12450
10320 12423 12432 : 12434 12443 13010
10320 12982 12992 : 12994 13003 13582
10320 13554 13564 : 13566 13575 14166
10320 14138 14148 : 14150 14159 14762
10320 14734 14744 : 14746 14755 15370
10320 15342 15352 : 15354 15363 15990
10320 15962 15972 : 15974 15983 16622
10320 16594 16604 : 16606 16615 17266
10320 17238 17248 : 17250 17259 17922
10320 17894 17904 : 17906 17915 18590
10320 18562 18572 : 18574 18583 19270
10320 19242 19252 : 19254 19263 19962
10320 19934 19944 : 19946 19955 20666
10320 20638 20648 : 20650 20659 21375
10320 21347 21357 : 21359 21368 22095
10320 22067 22077 : 22079 22088 22827
10320 22799 22809 : 22811 22820 23578
10320 23550 23560 : 23562 23571 24189
10334 10820 10852 : 10854 10856 10857
10820 11861 11871 : 11873 11875 12438
10820 12409 12421 : 12423 12431 12998
10820 12971 12980 : 12982 12991 13570
10820 13542 13552 : 13554 13563 14154
10820 14126 14136 : 14138 14147 14750
10820 14722 14732 : 14734 14743 15358
10820 15330 15340 : 15342 15351 15978
10820 15950 15960 : 15962 15971 16610
10820 16582 16592 : 16594 16603 17254
10820 17226 17236 : 17238 17247 17910
10820 17882 17892 : 17894 17903 18578
10820 18550 18560 : 18562 18571 19258
10820 19230 19240 : 19242 19251 19950
10820 19922 19932 : 19934 19943 20654
10820 20626 20636 : 20638 20647 21363
10820 21335 21345 : 21347 21356 22083
10820 22055 22065 : 22067 22076 22815
10820 22787 22797 : 22799 22808 23566
10820 23538 23548 : 23550 23559 24449
10834 11332 11364 : 11366 11368 11369
11332 12397 12407 : 12409 12411 12986
11332 12957 12969 : 12971 12979 13558
11332 13531 13540 : 13542 13551 14142
11332 14114 14124 : 14126 14135 14738
11332 14710 14720 : 14722 14731 15346
11332 15318 15328 : 15330 15339 15966
11332 15938 15948 : 15950 15959 16598
11332 16570 16580 : 16582 16591 17242
11332 17214 17224 : 17226 17235 17898
11332 17870 17880 : 17882 17891 18566
11332 18538 18548 : 18550 18559 19246
11332 19218 19228 : 19230 19239 19938
11332 19910 19920 : 19922 19931 20642
11332 20614 20624 : 20626 20635 21351
11332 21323 21333 : 21335 21344 22071
11332 22043 22053 : 22055 22064 22803
11332 22775 22785 : 22787 22796 23554
11332 23526 23536 : 23538 23547 24196
11346 11856 11888 : 11890 11892 11893
11856 12945 12955 : 12957 12959 13546
11856 13517 13529 : 13531 13539 14130
11856 14103 14112 : 14114 14123 14726
11856 14698 14708 : 14710 14719 15334
11856 15306 15316 : 15318 15327 15954
11856 15926 15936 : 15938 15947 16586
11856 16558 16568 : 16570 16579 17230
11856 17202 17212 : 17214 17223 17886
11856 17858 17868 : 17870 17879 18554
11856 18526 18536 : 18538 18547 19234
11856 19206 19216 : 19218 19227 19926
11856 19898 19908 : 19910 19919 20630
11856 20602 20612 : 20614 20623 21339
11856 21311 21321 : 21323 21332 22059
11856 22031 22041 : 22043 22052 22791
11856 22763 22773 : 22775 22784 23542
11856 23514 23524 : 23526 23535 24432
11870 12392 12424 : 12426 12428 12429
12392 13505 13515 : 13517 13519 14118
12392 14089 14101 : 14103 14111 14714
12392 14687 14696 : 14698 14707 15322
12392 15294 15304 : 15306 15315 15942
12392 15914 15924 : 15926 15935 16574
12392 16546 16556 : 16558 16567 17218
12392 17190 17200 : 17202 17211 17874
12392 17846 17856 : 17858 17867 18542
12392 18514 18524 : 18526 18535 19222
12392 19194 19204 : 19206 19215 19914
12392 19886 19896 : 19898 19907 20618
12392 20590 20600 : 20602 20611 21327
12392 21299 21309 : 21311 21320 22047
12392 22019 22029 : 22031 22040 22779
12392 22751 22761 : 22763 22772 23530
12392 23502 23512 : 23514 23523 24203
12406 12940 12972 : 12974 12976 12977
12940 14077 14087 : 14089 14091 14702
12940 14673 14685 : 14687 14695 15310
12940 15283 15292 : 15294 15303 15930
12940 15902 15912 : 15914 15923 16562
12940 16534 16544 : 16546 16555 17206
12940 17178 17188 : 17190 17199 17862
12940 17834 17844 : 17846 17855 18530
12940 18502 18512 : 18514 18523 19210
12940 19182 19192 : 19194 19203 19902
12940 19874 19884 : 19886 19895 20606
12940 20578 20588 : 20590 20599 21315
12940 21287 21297 : 21299 21308 22035
12940 22007 22017 : 22019 22028 22767
12940 22739 22749 : 22751 22760 23518
12940 23490 23500 : 23502 23511 24415
12954 13500 13532 : 13534 13536 13537
13500 14661 14671 : 14673 14675 15298
13500 15269 15281 : 15283 15291 15918
13500 15891 15900 : 15902 15911 16550
13500 16522 16532 : 16534 16543 17194
13500 17166 17176 : 17178 17187 17850
13500 17822 17832 : 17834 17843 18518
13500 18490 18500 : 18502 18511 19198
13500 19170 19180 : 19182 19191 19890
13500 19862 19872 : 19874 19883 20594
13500 20566 20576 : 20578 20587 21303
13500 21275 21285 : 21287 21296 22023
13500 21995 22005 : 22007 22016 22755
13500 22727 22737 : 22739 22748 23506
13500 23478 23488 : 23490 23499 24210
13514 14072 14104 : 14106 14108 14109
14072 15257 15267 : 15269 15271 15906
14072 15877 15889 : 15891 15899 16538
14072 16511 16520 : 16522 16531 17182
14072 17154 17164 : 17166 17175 17838
14072 17810 17820 : 17822 17831 18506
14072 18478 18488 : 18490 18499 19186
14072 19158 19168 : 19170 19179 19878
14072 19850 19860 : 19862 19871 20582
14072 20554 20564 : 20566 20575 21291
14072 21263 21273 : 21275 21284 22011
14072 21983 21993 : 21995 22004 22743
14072 22715 22725 : 22727 22736 23494
14072 23466 23476 : 23478 23487 24398
14086 14656 14688 : 14690 14692 14693
14656 15865 15875 : 15877 15879 16526
14656 16497 16509 : 16511 16519 17170
14656 17143 17152 : 17154 17163 17826
14656 17798 17808 : 17810 17819 18494
14656 18466 18476 : 18478 18487 19174
14656 19146 19156 : 19158 19167 19866
14656 19838 19848 : 19850 19859 20570
14656 20542 20552 : 20554 20563 21279
14656 21251 21261 : 21263 21272 21999
14656 21971 21981 : 21983 21992 22731
14656 22703 22713 : 22715 22724 23482
14656 23454 23464 : 23466 23475 24217
14670 15252 15284 : 15286 15288 15289
15252 16485 16495 : 16497 16499 17158
15252 17129 17141 : 17143 17151 17814
15252 17787 17796 : 17798 17807 18482
15252 18454 18464 : 18466 18475 19162
15252 19134 19144 : 19146 19155 19854
15252 19826 19836 : 19838 19847 20558
15252 20530 20540 : 20542 20551 21267
15252 21239 21249 : 21251 21260 21987
15252 21959 21969 : 21971 21980 22719
15252 22691 22701 : 22703 22712 23470
15252 23442 23452 : 23454 23463 24381
15266 15860 15892 : 15894 15896 15897
15860 17117 17127 : 17129 17131 17802
15860 17773 17785 : 17787 17795 18470
15860 18443 18452 : 18454 18463 19150
15860 19122 19132 : 19134 19143 19842
15860 19814 19824 : 19826 19835 20546
15860 20518 20528 : 20530 20539 21255
15860 21227 21237 : 21239 21248 21975
15860 21947 21957 : 21959 21968 22707
15860 22679 22689 : 22691 22700 23458
15860 23430 23440 : 23442 23451 24224
15874 16480 16512 : 16514 16516 16517
16480 17761 17771 : 17773 17775 18458
16480 18429 18441 : 18443 18451 19138
16480 19111 19120 : 19122 19131 19830
16480 19802 19812 : 19814 19823 20534
16480 20506 20516 : 20518 20527 21243
16480 21215 21225 : 21227 21236 21963
16480 21935 21945 : 21947 21956 22695
16480 22667 22677 : 22679 22688 23446
16480 23418 23428 : 23430 23439 24364
16494 17112 17144 : 17146 17148 17149
17112 18417 18427 : 18429 18431 19126
17112 19097 19109 : 19111 19119 19818
17112 19791 19800 : 19802 19811 20522
17112 20494 20504 : 20506 20515 21231
17112 21203 21213 : 21215 21224 21951
17112 21923 21933 : 21935 21944 22683
17112 22655 22665 : 22667 22676 23434
17112 23406 23416 : 23418 23427 24231
17126 17756 17788 : 17790 17792 17793
17756 19085 19095 : 19097 19099 19806
17756 19777 19789 : 19791 19799 20510
17756 20483 20492 : 20494 20503 21219
17756 21191 21201 : 21203 21212 21939
17756 21911 21921 : 21923 21932 22671
17756 22643 22653 : 22655 22664 23422
17756 23394 23404 : 23406 23415 24347
17770 18412 18444 : 18446 18448 18449
18412 19765 19775 : 19777 19779 20498
18412 20469 20481 : 20483 20491 21207
18412 21180 21189 : 21191 21200 21927
18412 21899 21909 : 21911 21920 22659
18412 22631 22641 : 22643 22652 23410
18412 23382 23392 : 23394 23403 24238
18426 19080 19112 : 19114 19116 19117
19080 20457 20467 : 20469 20471 21195
19080 21167 21178 : 21180 21188 21915
19080 21888 21897 : 21899 21908 22647
19080 22619 22629 : 22631 22640 23398
19080 23370 23380 : 23382 23391 24330
19094 19760 19792 : 19794 19796 19797
19760 21155 21165 : 21167 21169 21903
19760 21875 21886 : 21888 21896 22635
19760 22608 22617 : 22619 22628 23386
19760 23358 23368 : 23370 23379 24245
19774 20452 20484 : 20486 20488 20489
20452 21864 21873 : 21875 21877 22623
20452 22595 22606 : 22608 22616 23374
20452 23347 23356 : 23358 23367 24313
20466 21150 21181 : 21183 21185 21186
21150 22584 22593 : 22595 22597 23362
21150 23334 23345 : 23347 23355 24255
21164 21859 21889 : 21891 21893 21894
21859 23323 23332 : 23334 23336 24296
21872 22579 22609 : 22611 22613 22614
22592 23311 23348 : 23350 23352 23353
23331 24055 24259 : 24261 24263 24264
