258 469 473 : 474 475 476
55 183 470 : 474 475 476
470 471 472 : 474 475 476
470 473 : 474 475 476
55 183 : 471 472 473
54 182 467 : 469 470
53 181 464 : 466 467
52 180 461 : 463 464
51 179 458 : 460 461
50 178 455 : 457 458
49 177 452 : 454 455
48 176 449 : 451 452
47 175 446 : 448 449
46 174 443 : 445 446
45 173 440 : 442 443
44 172 437 : 439 440
43 171 434 : 436 437
42 170 431 : 433 434
41 169 428 : 430 431
40 168 425 : 427 428
39 167 422 : 424 425
38 166 419 : 421 422
37 165 416 : 418 419
36 164 413 : 415 416
35 163 410 : 412 413
34 162 407 : 409 410
33 161 404 : 406 407
32 160 401 : 403 404
31 159 398 : 400 401
30 158 395 : 397 398
29 157 392 : 394 395
28 156 389 : 391 392
27 155 386 : 388 389
26 154 383 : 385 386
25 153 380 : 382 383
24 152 377 : 379 380
22 150 371 : 373 374
21 149 368 : 370 371
20 148 365 : 367 368
18 146 359 : 361 362
19 147 362 : 364 365
17 145 356 : 358 359
16 144 353 : 355 356
23 151 374 : 376 377
15 143 350 : 352 353
14 142 347 : 349 350
13 141 344 : 346 347
12 140 341 : 343 344
11 139 338 : 340 341
10 138 335 : 337 338
9 137 332 : 334 335
8 136 329 : 331 332
7 135 326 : 328 329
6 134 323 : 325 326
5 133 320 : 322 323
4 132 317 : 319 320
3 131 314 : 316 317
2 130 311 : 313 314
2 130 : 310 312
4 132 : 308 318
5 133 : 307 321
6 134 : 306 324
7 135 : 305 327
8 136 : 304 330
9 137 : 303 333
10 138 : 302 336
11 139 : 301 339
12 140 : 300 342
13 141 : 299 345
14 142 : 298 348
15 143 : 297 351
16 144 : 296 354
17 145 : 295 357
18 146 : 294 360
19 147 : 293 363
20 148 : 292 366
21 149 : 291 369
22 150 : 290 372
23 151 : 289 375
24 152 : 288 378
25 153 : 287 381
26 154 : 286 384
27 155 : 285 387
28 156 : 284 390
29 157 : 283 393
30 158 : 282 396
31 159 : 281 399
32 160 : 280 402
33 161 : 279 405
34 162 : 278 408
35 163 : 277 411
36 164 : 276 414
37 165 : 275 417
38 166 : 274 420
39 167 : 273 423
40 168 : 272 426
41 169 : 271 429
42 170 : 270 432
43 171 : 269 435
44 172 : 268 438
45 173 : 267 441
46 174 : 266 444
47 175 : 265 447
48 176 : 264 450
3 131 : 309 315
49 177 : 263 453
50 178 : 262 456
51 179 : 261 459
52 180 : 260 462
53 181 : 259 465
54 182 : 258 468
abc 03> ***EOF***